1243 152688
41
47
45
47
50
37
33
911
42
510
46
33
753
46
47
31
37
50
47
31
39
45
182
48
49
42
40
31
48
807
37
30
38
48
865
43
46
31
42
40
42
46
30
44
31
39
42
45
38
47
47
299
46
598
43
480
40
34
638
37
38
47
210
37
32
38
38
36
50
32
49
494
461
37
34
31
47
42
825
46
44
35
40
225
36
44
231
43
38
40
40
761
36
279
36
36
152
45
44
877
38
197
35
42
32
46
33
38
49
643
804
400
49
36
45
47
48
34
40
45
466
26
34
45
35
38
45
44
30
30
165
131
81
44
533
36
39
41
31
37
49
50
48
35
48
298
42
55
34
33
792
41
42
288
33
50
2
30
44
46
46
30
33
38
45
44
40
771
794
196
36
50
260
39
43
36
44
31
31
607
47
40
35
48
41
45
31
35
33
45
33
34
36
47
34
41
40
32
794
43
35
31
640
685
32
45
621
38
43
48
38
38
47
40
34
43
936
49
33
50
47
41
45
36
37
35
37
44
50
43
44
30
43
33
32
50
38
47
33
46
49
48
35
35
32
32
43
35
41
39
32
38
50
940
30
60
18
42
48
38
39
48
890
32
49
38
33
33
39
34
37
49
44
44
34
39
249
36
40
294
38
41
50
34
706
250
43
35
35
35
47
42
45
36
31
149
38
169
42
38
50
30
43
30
31
48
47
40
45
48
47
41
41
34
31
871
46
30
34
49
35
40
36
43
50
38
46
41
39
816
40
35
36
32
40
35
48
31
40
83
43
49
480
40
40
166
37
50
38
31
724
48
46
824
793
638
45
37
41
38
44
31
50
50
42
47
47
43
33
39
47
32
528
33
46
40
263
34
47
30
33
188
35
37
47
544
48
45
35
30
45
48
22
31
436
42
70
39
419
43
817
118
30
45
50
40
40
30
49
43
47
47
42
34
44
49
42
45
40
515
30
45
34
47
33
33
38
42
39
45
35
36
400
37
38
44
37
581
562
49
545
45
42
34
44
43
31
35
41
37
106
35
38
709
194
31
40
48
39
36
37
928
34
37
38
36
710
32
50
39
38
45
54
47
36
39
34
258
587
50
42
42
30
50
916
39
38
44
38
42
43
45
36
853
629
45
41
38
36
586
116
34
270
39
44
45
33
36
36
33
31
36
30
39
955
36
409
31
43
37
48
959
48
594
48
31
31
33
30
39
44
646
40
38
31
35
457
40
48
244
36
38
38
28
45
35
788
45
42
34
47
37
37
45
37
39
40
35
31
33
31
37
40
45
40
214
35
48
32
43
30
34
686
913
47
34
39
48
31
482
35
39
33
34
47
45
172
34
46
37
30
39
31
47
49
41
41
548
48
42
38
37
30
279
31
40
944
30
69
39
77
30
34
682
47
280
849
40
30
33
34
47
586
50
33
702
39
34
47
41
214
129
42
41
36
36
48
45
529
30
33
38
45
38
50
45
32
47
48
34
50
38
45
654
182
44
234
495
31
40
33
45
34
36
3
35
706
48
35
42
32
47
41
30
47
33
46
48
34
50
42
31
297
202
34
254
31
37
41
34
44
43
133
202
489
44
40
41
40
30
35
43
31
35
522
857
47
33
37
49
84
38
125
34
42
33
46
417
645
252
835
46
40
42
403
36
447
45
40
520
35
45
50
43
48
412
49
40
34
46
850
48
48
36
47
40
46
49
43
46
30
48
37
814
46
34
31
45
42
45
50
30
37
55
239
145
47
42
45
733
30
48
41
989
36
35
38
38
981
597
39
47
35
38
218
40
45
450
611
42
93
41
49
40
38
36
41
43
34
41
44
37
624
39
479
40
42
48
36
50
38
48
46
147
49
38
31
38
31
811
35
32
34
49
38
36
51
30
512
48
46
38
43
46
31
48
294
49
573
36
114
46
46
42
47
39
32
778
629
481
37
33
804
800
34
46
48
43
36
409
40
39
42
36
47
826
34
33
34
42
44
43
38
43
50
854
44
38
40
48
44
49
32
43
32
36
605
46
16
44
47
34
40
35
38
45
38
36
174
41
631
32
490
49
46
41
46
34
32
40
37
34
35
48
979
413
773
47
42
42
41
36
36
42
89
43
461
48
30
49
54
31
37
40
46
44
37
49
239
44
38
33
30
33
747
36
30
38
681
44
37
46
39
39
821
936
30
405
83
42
46
34
49
31
36
34
41
47
49
46
36
30
45
40
36
31
36
48
45
36
38
496
39
33
34
36
30
43
32
48
35
49
30
49
155
40
49
32
38
34
50
563
34
39
833
46
571
30
36
32
39
30
33
30
46
49
42
116
31
48
33
47
46
49
43
43
43
30
33
36
47
43
48
33
39
994
46
35
280
32
41
34
47
43
433
50
43
831
38
36
36
817
46
46
38
43
35
50
49
39
886
37
48
39
174
58
50
35
40
45
43
36
39
787
45
254
44
30
32
49
926
493
45
50
42
30
40
670
42
36
578
40
42
49
194
37
48
64
45
33
50
46
30
31
797
40
31
43
800
43
49
31
34
50
31
43
48
45
46
43
50
41
41
35
39
30
43
46
32
41
45
41
37
50
41
45
48
44
32
33
35
65
34
41
47
46
47
43
38
33
35
577
44
50
46
265
50
40
39
43
42
36
47
38
104
35
99
30
49
625
36
41
46
35
37
44
32
39
39
37
35
31
35
40
39
45
38
848
38
462
34
42
50
48
661
44
44
201
44
39
102
44
42
275
40
37
48
34
30
47
30
34
48
39
43
40
43
45
30
32
42
30
46
981
239
48
41
47
43
33
754
35
47
46
977
37
43
948
49
37
252
41
31
