1241 158399
30
47
914
37
37
31
258
539
31
865
50
47
49
41
107
39
40
704
39
195
30
48
591
557
37
48
32
45
32
31
39
979
42
975
49
32
35
50
38
565
41
34
47
48
30
34
868
993
50
41
50
270
42
535
35
43
36
35
48
72
34
49
45
46
44
48
36
50
48
34
40
972
48
33
730
34
44
30
50
48
35
35
523
668
48
43
48
32
46
33
37
37
37
36
853
30
31
37
928
43
33
463
37
31
31
40
31
30
40
611
204
32
45
33
247
50
48
38
32
30
39
33
34
42
594
704
34
37
45
519
43
39
771
34
41
42
42
49
48
40
37
37
41
36
38
42
43
34
46
49
502
31
45
34
34
33
45
43
46
827
31
44
39
34
31
30
32
35
44
33
44
571
33
619
157
766
43
46
46
48
46
33
48
213
36
30
44
42
48
673
30
525
32
42
48
30
855
48
35
40
38
46
32
189
49
31
42
35
40
42
37
36
48
45
290
43
42
36
48
43
858
36
35
50
50
45
40
30
42
33
963
43
45
32
50
43
37
36
35
592
42
47
186
33
37
39
532
46
38
197
44
47
30
36
96
30
254
870
50
41
798
40
50
49
44
47
50
43
36
658
35
45
49
46
35
45
60
47
566
37
50
44
36
31
40
30
38
38
50
48
32
49
43
36
42
491
30
46
37
39
50
287
44
276
50
30
38
32
44
211
50
43
39
33
47
49
49
467
34
892
33
695
37
33
45
31
739
38
31
50
45
887
41
39
38
45
30
30
39
48
50
931
82
35
39
49
522
36
38
37
42
41
48
49
40
35
41
46
48
45
36
33
35
50
771
203
48
50
859
42
45
31
49
49
41
35
33
36
40
39
43
40
33
30
38
621
38
33
45
39
42
34
33
17
8
46
35
44
987
34
34
32
46
41
49
47
46
33
773
33
35
35
36
44
31
38
34
94
47
39
163
45
40
691
41
41
271
32
616
48
271
45
44
48
42
39
38
30
38
34
48
49
44
803
859
40
538
942
50
159
31
88
43
34
40
37
38
36
428
42
42
42
951
45
49
488
41
31
36
37
44
31
489
45
30
50
35
47
33
44
46
105
37
39
296
34
41
297
42
41
33
716
39
34
50
138
921
40
980
508
50
45
39
43
115
43
41
39
666
45
36
33
38
48
47
32
49
43
48
42
48
49
35
31
38
30
43
49
46
641
42
40
43
223
591
32
34
32
43
38
33
45
34
39
966
33
46
38
31
49
48
37
46
38
3
39
48
36
49
42
37
33
51
152
42
39
30
37
153
43
39
89
41
730
854
37
37
119
50
32
36
40
86
44
936
46
36
44
33
32
38
482
41
49
48
32
47
42
43
591
973
42
30
49
31
41
50
43
34
741
49
48
65
44
33
45
38
39
36
37
43
47
539
42
174
43
47
39
38
48
44
42
46
50
31
286
435
48
33
33
154
49
46
44
34
794
48
37
156
49
759
32
35
35
252
47
44
34
39
45
50
34
36
36
44
50
43
41
47
32
41
34
50
897
31
548
45
155
64
30
37
46
32
36
45
252
43
190
32
38
48
31
36
43
47
34
50
37
233
44
35
45
41
498
39
38
31
50
135
44
35
37
45
50
40
96
882
846
42
35
36
688
38
43
48
895
38
45
33
47
48
33
43
971
34
47
44
47
32
191
905
32
31
41
40
30
41
32
30
47
81
48
31
43
34
35
38
48
412
40
39
43
45
39
40
42
47
35
47
42
34
44
42
42
34
248
48
26
48
39
42
38
283
49
43
30
33
39
667
49
30
36
36
39
44
957
41
34
37
48
210
153
796
177
47
33
49
48
30
47
39
42
43
50
33
39
37
35
648
435
38
39
39
35
38
31
756
80
43
48
49
50
17
42
50
35
30
42
44
46
34
32
407
839
44
860
48
43
50
31
45
34
35
37
42
38
46
32
40
34
39
40
47
44
31
39
44
45
31
48
41
43
46
47
79
46
34
39
41
49
50
45
45
39
50
47
38
42
38
38
50
39
45
275
48
935
44
231
32
38
30
37
44
42
41
33
49
34
48
37
32
854
34
40
50
32
44
269
34
680
50
49
35
31
30
6
560
40
49
44
31
31
39
48
47
39
38
35
441
39
40
941
45
40
35
47
36
171
50
31
950
39
42
37
31
42
38
834
959
404
50
45
45
275
46
233
666
46
817
31
33
33
45
50
40
32
44
44
43
592
712
34
32
37
48
41
40
33
479
47
50
47
43
39
33
48
986
49
3
31
648
50
35
49
48
38
187
47
47
294
49
37
432
34
47
48
49
37
32
32
39
33
34
45
43
39
43
631
287
45
37
45
41
39
32
46
46
236
271
280
46
48
32
46
35
290
47
45
31
47
476
32
41
716
130
39
32
45
34
704
46
34
32
39
35
47
49
49
31
42
39
49
37
884
39
45
37
38
39
50
35
31
43
30
35
37
48
35
47
38
37
39
31
37
46
88
171
34
50
39
671
50
30
47
34
50
39
43
34
47
30
31
50
31
41
255
50
34
40
34
39
39
39
857
49
31
963
34
45
40
41
47
50
37
35
40
250
50
37
30
32
39
39
35
39
31
37
779
46
42
437
36
39
35
34
486
46
30
36
36
32
50
46
511
46
820
30
31
34
970
643
192
48
35
36
35
30
39
48
31
45
48
50
50
33
48
268
45
185
41
911
49
41
44
45
46
48
47
41
35
31
106
36
33
994
42
40
34
37
620
38
42
39
130
43
44
39
42
39
48
45
33
140
65
44
33
33
832
37
41
721
39
42
48
49
912
36
32
43
33
715
