1243 157456
31
32
41
37
42
45
42
841
728
46
31
34
43
50
49
48
33
35
39
589
38
39
31
45
754
771
32
687
35
41
46
3
49
37
35
40
36
38
49
733
37
49
849
50
43
34
42
30
31
44
41
39
188
45
194
103
48
33
44
35
36
34
36
44
41
591
40
32
41
36
96
44
49
31
37
46
46
39
37
573
35
63
49
36
34
46
39
46
41
971
38
32
50
42
49
49
50
45
44
692
267
41
44
31
46
37
44
46
40
34
41
38
46
539
45
45
45
37
38
38
50
40
32
634
44
287
32
33
43
45
47
37
43
30
47
47
43
31
266
926
48
44
297
553
31
44
975
38
44
50
43
535
46
50
39
69
40
41
33
43
49
850
36
47
31
30
43
46
43
48
30
35
886
46
47
49
48
37
47
35
49
42
32
50
31
30
240
43
33
47
37
42
41
31
918
41
34
31
180
43
43
39
48
37
50
45
36
44
32
38
46
39
47
45
41
38
42
49
31
43
208
42
777
46
31
49
575
30
32
30
49
37
44
33
40
176
48
30
50
33
37
46
174
274
35
48
31
49
49
35
41
49
618
32
50
33
42
49
43
47
31
43
45
35
508
41
38
50
35
299
40
751
649
34
406
462
35
39
41
34
46
46
417
30
40
43
39
409
44
31
49
40
44
242
34
32
40
38
32
549
42
50
49
43
40
783
49
38
44
544
32
35
30
42
46
44
38
36
47
31
994
46
14
44
30
35
32
36
35
45
42
30
35
39
44
46
193
526
38
31
40
48
37
39
32
127
40
44
987
36
40
37
41
43
542
33
460
35
433
50
32
664
31
44
30
208
41
31
47
239
49
42
463
32
39
46
38
35
38
926
867
909
42
34
49
47
39
952
42
31
35
584
43
39
43
46
31
42
33
39
41
32
45
49
437
34
41
33
35
43
43
41
34
288
46
31
27
44
47
686
38
35
36
37
36
34
48
37
38
31
40
978
37
239
945
47
43
44
45
47
861
40
32
32
45
34
38
38
40
44
50
39
36
33
49
31
39
47
299
49
46
44
31
41
31
45
41
39
43
957
34
33
36
42
36
50
38
197
47
30
37
50
757
44
922
46
34
49
47
30
42
34
49
107
45
49
44
54
49
611
32
32
41
33
613
39
38
403
173
61
47
44
83
45
49
50
41
455
49
946
38
35
593
644
34
48
46
46
49
50
31
42
876
36
47
30
39
49
24
39
33
35
33
36
168
46
820
36
35
32
714
765
42
41
44
44
37
44
48
178
275
36
783
42
35
42
48
33
47
44
39
38
40
156
34
41
40
33
46
31
32
47
556
665
37
48
44
42
35
47
295
31
147
42
44
33
594
98
37
428
38
33
30
38
50
40
42
745
43
290
41
47
32
45
45
806
39
40
837
44
39
50
764
46
42
643
41
47
33
37
43
35
41
37
46
103
35
45
30
186
31
50
35
33
30
35
37
37
48
47
33
107
45
38
643
926
47
37
30
35
528
42
47
277
46
49
33
32
36
46
996
43
50
854
47
771
40
988
34
89
32
48
47
30
215
48
49
38
38
46
46
39
38
38
48
46
49
151
36
41
152
48
49
31
47
43
37
38
32
44
50
37
35
43
50
50
984
45
42
32
33
37
37
49
743
38
35
35
266
48
487
36
37
40
41
41
33
39
31
33
40
958
50
47
432
46
37
33
45
34
42
50
36
44
34
33
32
34
50
47
262
454
35
42
32
34
161
41
35
40
47
83
34
33
28
48
31
40
41
31
23
45
46
299
479
39
971
42
42
46
49
42
47
36
49
136
45
37
50
725
887
40
39
33
239
35
37
39
35
32
35
622
31
40
41
40
44
45
41
47
38
43
32
494
45
40
852
774
37
40
41
37
38
39
36
165
50
31
33
34
192
50
40
50
41
46
31
165
34
150
37
622
36
941
41
49
33
37
41
448
44
32
34
132
998
33
44
48
226
45
775
20
48
37
33
35
46
40
46
37
45
40
47
38
36
30
41
911
39
34
32
48
37
50
44
41
44
41
30
192
37
39
764
48
36
30
31
39
45
32
48
47
210
34
39
33
49
42
49
32
39
46
40
34
37
33
37
829
44
35
35
38
32
48
42
49
844
49
42
140
48
40
47
867
30
37
50
38
814
40
46
684
48
42
35
37
30
50
48
44
538
49
47
35
41
38
31
47
41
34
34
35
32
201
30
32
49
50
729
585
48
956
40
33
717
37
940
49
158
40
41
417
38
30
30
34
47
32
30
49
31
45
38
33
123
48
36
33
37
32
33
39
42
40
44
49
680
871
32
44
49
47
31
37
41
41
42
40
42
34
46
38
48
31
42
44
33
35
46
59
39
45
40
435
45
479
4
43
36
45
48
37
43
39
34
30
44
41
439
38
43
34
36
38
35
36
47
47
48
31
50
47
41
50
41
34
30
40
41
33
405
47
30
32
31
43
36
48
46
9
40
37
31
43
37
45
39
36
803
46
37
33
38
847
30
43
37
891
50
45
36
31
40
48
36
659
46
734
46
32
41
35
46
989
40
769
32
32
40
47
41
50
37
47
33
42
47
50
50
39
35
44
952
37
40
42
32
48
47
294
42
42
46
606
727
34
30
35
3
757
31
40
82
48
31
512
723
26
46
35
49
41
43
42
186
49
32
36
893
47
838
49
40
35
35
37
40
40
39
210
35
43
36
49
40
40
37
50
34
37
41
38
33
872
48
748
46
546
95
30
48
50
36
45
780
983
37
45
49
171
32
49
34
667
37
36
40
37
44
48
31
40
132
37
48
227
45
34
49
39
38
185
47
