1244 154207
48
45
36
43
46
49
49
38
871
43
685
38
44
294
38
49
33
35
627
48
564
48
30
32
46
453
43
30
33
46
36
47
440
44
44
37
48
38
34
48
44
37
50
46
37
49
43
115
43
39
419
774
46
45
38
43
35
50
224
832
157
31
34
50
101
46
35
33
49
754
41
39
42
34
49
44
23
626
32
38
39
45
44
33
39
48
48
46
43
46
38
34
41
36
49
50
196
42
37
34
37
32
38
39
166
47
36
35
50
47
50
35
48
585
34
31
39
47
39
50
45
48
33
40
32
511
289
48
37
47
39
31
50
32
40
45
42
18
32
42
46
49
36
30
39
43
36
49
41
48
50
48
34
49
49
30
37
66
36
44
39
40
37
40
30
41
43
42
47
77
32
999
32
30
39
36
39
31
40
923
50
39
49
42
35
34
608
34
46
38
48
43
207
36
48
39
37
46
137
31
35
39
48
43
598
43
280
36
42
41
50
44
46
46
43
46
191
48
43
34
47
48
42
49
49
42
41
43
34
39
34
48
49
39
33
570
45
35
37
39
38
44
33
42
50
86
32
36
37
37
49
49
50
43
40
34
142
38
39
32
49
35
44
31
43
47
35
38
43
49
43
32
48
33
45
40
30
40
36
47
36
45
36
42
42
34
971
101
38
44
44
32
34
91
36
42
42
31
936
34
37
37
36
296
40
48
31
37
34
43
31
47
36
812
37
896
44
40
44
616
31
45
39
859
38
32
36
36
228
33
642
37
42
37
473
40
30
38
41
42
40
50
457
815
41
45
41
45
835
32
43
49
412
613
509
46
41
834
46
122
36
47
92
42
49
45
860
32
972
43
108
50
45
42
50
39
35
875
41
40
484
458
32
862
34
47
45
45
43
239
36
34
277
46
30
770
40
50
38
36
50
825
49
48
40
35
36
44
162
46
49
464
34
42
44
43
32
573
38
36
38
627
778
44
49
287
50
992
45
979
694
45
41
252
39
34
650
34
32
38
43
34
46
38
30
38
33
40
40
713
45
31
47
47
50
46
45
45
46
46
39
473
43
32
665
856
477
46
13
30
42
43
173
47
38
33
650
48
35
49
517
719
33
38
713
33
38
40
48
39
32
859
36
46
33
38
45
50
37
644
826
39
293
41
40
34
36
690
45
884
30
37
45
40
48
49
979
38
45
35
36
30
40
36
48
32
49
32
46
558
33
50
31
30
33
30
42
34
33
50
44
135
45
32
79
35
700
37
40
41
34
48
32
36
36
34
34
49
44
87
34
33
416
225
30
48
114
38
39
30
44
33
31
41
34
35
42
32
43
30
49
32
33
30
28
32
32
44
32
43
833
30
39
45
35
936
46
187
30
36
37
35
42
915
49
50
105
48
36
244
47
46
30
43
37
225
30
41
44
34
31
45
481
236
198
733
35
45
453
38
705
50
30
30
44
831
33
45
417
44
35
36
31
46
625
47
35
41
40
36
34
39
745
43
40
46
38
39
582
46
669
541
765
38
40
35
49
46
34
42
47
39
923
40
38
33
50
42
46
47
33
30
32
48
31
30
32
38
40
41
46
32
41
50
30
755
50
37
783
50
35
36
38
214
565
38
44
48
47
110
37
44
36
48
33
154
48
30
37
30
45
30
49
35
800
43
41
37
48
40
41
31
36
39
30
31
50
47
43
47
47
47
32
35
44
33
38
30
38
45
45
35
43
30
33
38
43
34
36
50
34
38
50
39
39
92
43
48
34
50
45
48
601
523
38
45
49
35
32
816
32
34
40
42
437
36
31
901
49
50
45
37
47
840
49
47
44
46
42
42
483
41
41
45
34
49
43
42
132
47
625
48
765
32
49
31
38
31
50
36
50
36
30
36
43
42
39
50
49
43
122
42
32
47
40
942
38
42
33
47
38
45
37
42
30
38
46
32
813
36
41
44
34
30
31
207
49
244
44
47
188
38
40
42
47
32
807
31
42
42
42
50
158
227
37
42
48
624
37
39
37
34
38
44
47
37
517
49
38
31
49
33
33
38
40
49
32
42
35
34
45
41
43
41
37
43
35
34
38
198
44
36
50
928
44
38
47
46
36
510
48
38
550
36
31
37
36
36
33
48
517
481
37
64
41
38
280
46
41
33
32
89
641
44
49
38
34
824
704
44
40
37
38
37
36
43
49
41
37
33
708
644
43
57
418
182
43
35
42
30
47
47
35
32
415
49
30
665
32
35
657
277
46
45
48
30
46
34
43
907
40
38
49
32
36
49
46
48
639
96
30
30
64
39
46
50
48
49
49
50
600
49
988
45
46
32
39
48
47
788
46
39
46
43
978
31
48
39
40
30
38
778
39
47
44
42
32
47
44
47
916
32
18
601
34
32
30
38
45
44
42
37
40
36
258
424
40
45
46
43
42
241
734
48
35
36
50
44
30
142
36
41
47
32
36
540
50
34
36
965
35
37
39
30
41
782
49
38
249
38
43
153
40
45
43
39
38
32
50
256
37
920
41
48
31
37
45
43
36
49
556
689
50
41
48
42
46
32
48
31
36
38
35
642
47
32
48
400
41
46
30
50
31
555
49
36
133
44
35
193
172
40
44
34
45
34
931
36
822
33
42
38
48
156
38
41
31
38
38
41
45
43
28
45
32
32
50
43
34
36
700
33
539
32
45
45
50
38
42
34
40
44
39
477
35
40
39
43
42
48
34
42
47
906
165
46
30
42
42
45
50
32
38
48
42
30
42
35
35
27
37
50
39
40
44
47
33
38
982
219
83
48
31
34
50
465
35
37
50
34
44
46
42
47
33
35
294
44
46
604
34
46
34
49
