100
597845 136541
327861 816371
258275 370032
77028 301894
755881 49242
227708 932193
512884 132855
782095 430562
712097 932493
855046 742171
215709 432250
777801 7121
125525 439534
485228 282480
19972 803466
600007 559086
718412 383090
815184 941065
233820 213972
323262 140204
399290 154389
270298 923770
376504 780299
941945 891075
275157 508528
181291 412048
933898 439033
139126 890457
422558 430927
729162 371312
164038 103970
57176 485589
732348 73498
295725 617703
868315 360214
536245 200367
584802 733353
363609 773199
809316 153054
502568 546632
109227 686477
515344 255300
479821 650643
454720 69557
30351 693608
123214 968696
58096 512211
935972 243927
683865 325434
695399 751865
795148 108975
47881 791064
561379 659855
243586 181345
578426 205377
442283 973777
706926 244570
47723 314206
596690 600319
714513 246773
314796 112082
82513 561983
6571 636110
26110 249161
740136 722508
199834 143424
409922 479095
430406 198540
494819 565246
609323 701707
468992 115055
908304 583763
86460 505938
172210 195152
489904 666939
507322 541435
951383 133728
629733 624073
850579 240580
950281 97433
977126 194872
237431 232296
30806 571919
566582 104158
902645 78965
711227 78441
29557 266905
865293 224850
781862 978790
310531 824236
952593 415851
954564 352022
22054 938530
909751 279374
912499 699957
238467 368413
575878 394215
37672 159816
559142 159155
462610 206126
