100
277640 494872
550842 940332
361930 604852
737577 271500
504428 59987
703710 891518
644799 191094
823063 347887
697986 863330
947940 340865
428088 60511
848336 530266
39912 851790
109700 775994
803127 795742
652348 982276
867268 928142
191033 884270
659374 898488
237045 152024
123061 211840
257184 773217
471198 382745
632611 646781
688652 552803
849253 110981
321937 161131
912011 267058
73918 636939
911013 924392
144350 422910
890868 21171
977458 477351
39801 775986
949172 876080
831744 477225
165375 725654
452321 153921
834595 844236
813284 370665
786774 553199
737018 612662
149387 183447
737821 788498
847580 67775
339764 357494
400585 51155
432993 754838
522374 82245
231300 678724
651225 175404
824212 237903
575109 587394
98080 85645
691718 110810
701321 482591
366639 17101
772445 564704
794380 958179
361410 586126
901886 74982
912974 369396
777427 796471
724748 542946
703230 594190
824420 505762
614713 945777
742718 402419
78785 928382
862151 154384
225975 940838
180740 548281
904527 531870
747997 603357
435114 835782
12363 763429
134573 174985
559799 218125
899863 914239
229007 846211
271248 53505
125875 90827
747128 843404
493020 825205
403215 369639
582427 332286
524320 567474
533568 898450
525874 102208
830118 687456
53728 994912
898840 273514
378448 883487
649592 708756
61022 4658
253995 2770
264846 566309
46305 910701
197439 795762
900606 296818
