100
837732 33183
972556 749638
475255 486268
580597 880177
456658 570971
828015 866541
631145 158274
407895 859646
637931 936239
799333 657038
189124 437014
347998 474817
18409 857354
800879 898670
24341 967626
677018 518612
113652 475035
479208 926276
664316 810660
912402 660344
288686 119993
651717 981274
588624 348874
642911 737314
337643 387023
871737 86487
557626 919658
771836 990162
417672 25113
2640 244358
180477 722881
555419 661278
700897 616690
682806 639367
67647 965138
910859 166925
372803 159207
608498 330890
257365 15358
919632 494374
694234 258434
103457 806504
934333 329547
247366 748928
545654 494069
746001 550836
120357 812353
863237 106368
746753 980133
509838 139104
563288 337807
58762 491578
871081 881328
770685 729589
990228 402510
77140 246226
87113 749571
160963 152841
570611 556289
587112 102275
171455 105419
473769 331491
548233 929885
166374 353820
825042 377793
19063 379233
3441 42808
301987 72171
133106 803497
897100 984343
252378 385018
283199 282870
94760 673471
491477 76383
925822 160754
164989 473732
767594 555298
740535 383391
919582 88145
857966 195395
570084 534827
281593 446802
469506 76207
643992 200465
679308 812849
507356 347316
230636 467275
474574 584967
528860 718321
819445 768988
543274 3021
959539 408633
478568 787893
919950 580520
713528 76285
938853 140015
726293 139494
814066 666598
527367 651863
717774 212937
