100
940283 766481
917613 832053
844325 278495
571894 604614
623564 834276
649012 219129
728877 28242
654197 234663
373833 978930
931035 627936
245649 447978
910915 485518
597464 971373
245292 703226
453477 908765
975777 89051
496609 158614
914171 932655
826836 773090
535984 99349
634102 260200
364949 485362
614863 151661
361957 115397
821070 649052
123764 203744
874034 575057
420300 627253
753309 626635
369147 677159
534599 600169
250040 660999
465422 682609
864156 790792
778334 252425
644259 679446
476942 584971
724561 751531
722102 357056
396549 375799
483477 851705
938222 424782
639023 463997
524759 767480
320515 821597
24922 471604
56878 225190
991148 899855
492533 321553
844898 731304
823939 861742
53679 195852
433584 854308
795462 864393
931622 198575
368277 840033
428246 359873
501641 406102
421018 1895
16517 847534
598022 16568
996647 359955
610686 859493
29768 558342
732191 207055
270601 580258
722148 239855
882944 559378
474853 554483
323163 347822
464304 74291
26637 711113
72205 970434
123187 537348
475123 997005
33589 656451
748580 701036
418433 355765
850 499419
24620 926629
676672 396949
823050 513586
444820 824136
655124 409875
896381 855492
907837 279683
314462 36395
813983 930936
58107 717082
601437 914427
766398 180919
21195 638369
965480 114205
229352 104043
169735 183690
47430 471388
771692 648710
590160 324599
240710 937358
584570 847902
