100
997804 68661
637880 833580
690004 795673
409928 948514
700476 800356
871561 599897
543418 902416
737214 751443
772981 732001
993751 180324
414044 942401
988255 223832
931372 474377
761573 743944
728840 775747
149334 993107
789182 693472
922649 496483
596564 870803
158729 994183
706430 803291
819606 657865
995898 92074
764854 740564
908501 491343
954589 404663
995023 116314
983304 223663
912058 521353
774413 714605
944505 390202
998530 103373
327192 965901
815765 663108
500660 910240
974670 320066
812610 695725
322219 970568
964346 361209
565060 878225
972821 329334
240246 981694
636539 834510
586466 867354
624498 842609
336598 963746
993285 178394
527871 909459
910330 494740
902739 541346
86867 997213
999317 19478
999513 11309
462201 925676
998671 95301
999837 3153
663969 814671
490585 914499
357927 965141
997310 78779
782904 704743
966567 358060
826179 648700
141952 995482
634542 835888
973717 316460
978889 252860
531637 907787
658705 838019
930862 442714
212450 988764
275801 976264
602802 856443
963078 366727
410650 948297
670836 823171
979494 249081
464805 924376
828972 664444
967677 312541
487608 926066
654577 823012
929450 479739
713785 789182
939607 451532
985352 208795
591411 873668
873099 602948
999269 76579
979730 292422
778217 726317
829759 663376
400492 946103
975541 315559
989203 163541
866177 584944
686790 811156
723985 766370
851279 610460
664385 827849
