100
999690 39430
492727 920584
999900 142
969189 311504
993922 145630
744401 762237
100150 996941
856534 612839
781419 716645
999870 21080
356812 960582
815659 682282
831320 654789
865335 597854
836355 640999
230684 985595
314235 971890
927961 463202
877504 575543
417375 946447
311716 970631
963699 351702
838062 638509
748855 746840
562359 886424
283234 976022
553023 891057
662857 825937
971936 298000
698560 800133
592253 868116
660778 829514
753223 742367
782527 722539
983071 231790
863558 610777
781042 712111
888196 557696
818548 672860
989298 182939
108575 996430
800192 689259
911727 501287
951984 389976
572840 884540
526181 902648
16292 999756
943581 418330
443523 935687
999749 18860
29620 999877
674338 819382
236625 984570
857906 620277
819541 671497
98498 997557
948621 401975
969553 319271
240206 984062
880612 572728
798948 703343
194933 989873
923851 470097
544276 898637
704627 795028
32371 999844
970055 307332
684450 804848
958481 357655
982406 248222
332524 967760
312029 972005
987834 212870
10620 999845
652513 835478
990511 183365
939379 431368
972311 296096
256748 980418
335633 965788
589784 871938
841421 646110
943256 419007
999067 50952
98203 997679
303656 973629
402492 950828
984793 236182
352903 961542
21714 999739
495913 915884
998473 84586
924417 472541
533321 900291
999564 30512
912050 513406
194077 989965
860892 608472
933929 447393
144623 993772
