100
752680 760027
668670 821153
972178 287895
822969 664550
891455 567110
817802 658535
150292 995714
977111 288054
420663 938874
700107 806409
953535 401985
240339 986366
394776 956130
545434 889205
293701 975293
991081 165660
132032 996954
380076 959915
542347 903633
927203 483954
809327 683506
215647 983437
968262 333582
494428 923997
659069 828024
225097 984622
494097 917101
668724 817259
7865 999504
997872 78858
620197 862170
608976 860829
745801 766666
321371 965332
985531 208949
292369 971210
218737 987448
973922 279151
840718 654410
809197 687915
999603 60618
972619 320238
350395 960712
983260 225170
524702 899334
501495 914074
813885 691187
320598 967686
813282 682875
989027 206693
880188 583409
928558 475773
897578 554385
947710 422477
995330 120025
216505 983325
14239 999359
622557 860735
926798 459331
486693 914828
614714 850157
216018 989435
539520 891743
504366 908576
843210 650724
940953 416455
950172 408634
670307 816156
377901 953479
928548 480351
463787 925228
870540 573496
915503 476520
959354 379616
957656 379983
984287 250941
881153 581673
766813 722074
998712 74983
529087 897252
450344 930217
957452 380804
894475 556191
83504 999209
303679 968996
606302 855394
402899 953930
515142 908333
992427 152732
410984 946515
203707 987399
993452 174471
280916 980373
618339 863293
119551 997673
187058 992566
757620 731918
6029 999856
854970 601152
412395 943128
