100
274708 334884
-715890 683223
63698 717709
530540 -142559
-149228 108989
376472 -716196
-230022 930662
-195759 239779
620284 -464426
811296 -163279
750630 976688
271953 237179
99840 -84978
499657 -181638
363011 120296
-585030 -230862
389912 -905248
-855474 -19314
-373813 592846
657556 310042
514781 798939
-169745 -389091
-646570 741215
-278686 -342256
-795724 -733774
643700 -498675
-728920 -584412
-512780 -141732
177309 -21560
380039 415836
-897083 -306496
368192 -484068
609965 696554
282804 225772
479630 202199
913270 -563945
712954 119891
-269568 891083
-201928 -316308
900898 313154
-463099 30907
-864951 534485
48711 -862049
-174249 -220740
-441188 692401
559273 574620
-46437 -450782
89802 897257
-597514 -628780
978441 -184467
942693 -925710
-803075 216678
-466050 124081
220195 -629822
496689 185488
317268 -616630
247857 858257
904751 -530011
830848 -926380
336115 -440608
6311 915197
428843 -161736
-776919 447831
-258336 120443
829805 -753578
92990 -875274
102971 -304313
-227861 949362
785836 116893
20945 249995
568061 -932371
649754 -196591
4175 -137714
197348 -101436
-271720 390221
-887393 -393784
-121850 275252
816354 993368
20883 -478015
-133522 -63633
990523 -30208
-608606 950441
490961 -106695
-940227 456116
-408212 -730522
987078 -38917
106288 363976
926989 -178020
-951824 -11940
-153056 30902
86746 -365776
260625 44096
-125406 -323866
152396 -818890
484472 967653
516689 -807340
929670 -470178
291248 -231746
-604634 960448
708452 320998
