100
625550 -387236
-243309 7959
-985198 682971
132255 123658
-642279 587899
479751 103802
-637116 -762774
638216 896916
-274202 302973
435140 155339
219517 413823
-722297 -8355
550665 -35360
-330477 -902095
-364279 -297629
-569632 -557395
-657620 -321713
667994 815391
571035 -684688
110569 629013
-362826 4935
950910 -350809
660846 628348
416864 638914
709680 919816
464261 -56624
938772 105315
773778 195355
-732943 139440
-261267 738845
-793962 -763271
305679 -548554
393150 414789
-501388 273943
-306212 -308035
-167806 -741108
-917589 347765
527801 -671624
340726 574930
808462 473795
-412760 200815
344886 130458
10643 -438478
-318349 682975
793321 282463
194935 781539
680109 500137
490311 -393317
-742511 -104591
300538 -967812
432872 476256
510821 635485
69664 885503
-621251 -557175
-829577 671094
178565 -766904
-99748 909905
-136055 -308734
-361054 668055
15782 -762786
-347831 935432
36271 -460809
906758 174091
749403 497553
-116814 -39307
-586269 -620549
-27820 897739
-753994 -142153
956506 112894
-440967 785505
-760014 236326
-5881 -113419
726514 997852
-449817 -343327
998771 -954341
-543711 -679815
-817793 -193558
909970 20950
-789216 -970268
-304791 353708
684829 -442235
506937 521494
51479 105712
506182 -441161
-457088 563695
534972 657309
-5931 539283
271578 -788419
165025 -658736
-464450 309331
-487087 -929390
-698561 -451331
391077 657407
-803362 -762213
39198 556070
-657988 -692197
-711794 -190822
-548970 -314605
-879951 839695
28507 -164606
