100
467130 -579640
750599 483136
812450 634666
433833 655506
-790383 729442
-907106 491629
8585 -792079
-831551 926243
721407 -551497
592810 63963
696298 816089
-956075 773660
-868950 -136901
-989320 380399
-150976 -178514
236795 509130
405466 -888185
791124 -10738
375010 -742794
232992 -577489
-294644 952548
575788 -508139
881938 -207117
-490656 -466452
-320064 -669169
-102397 -807038
-977986 -817958
259631 25153
-713052 888486
617199 268630
-46513 73839
-443512 -268118
-860544 -405608
743509 985307
-164974 -301306
-104218 -181343
747011 818649
429882 -19479
336400 -186063
-683334 -700136
686846 317947
106030 -895816
-416576 856320
496557 236872
-53483 22091
615969 122880
164780 -911403
-614432 -78719
-400082 -552396
-779331 858108
-315733 -111802
871308 110052
774749 169856
565604 186353
192895 -730666
-666832 349062
-499059 749213
-776199 -5998
-788183 -771266
482021 199109
759191 -23377
201918 -78400
573354 975053
-65061 928781
-753651 660692
-245881 -32038
-953666 -545387
-186516 -791121
-713110 14022
136678 -598622
-320835 -103662
-54460 -375767
-334789 -623881
-565776 -623218
721197 -451038
217462 -460538
-611777 -876814
-537053 535648
-279956 -623464
-434601 -984431
119814 601473
33448 656038
-328577 -898781
712044 4511
-269632 -61490
-131155 914522
-807798 -664861
-727269 -871441
-516892 -946014
-847535 -78159
-950124 791947
675146 382733
199047 -94777
-273660 -7371
653292 885099
400611 -663733
-612947 433251
-132475 913221
-66452 551427
3129 941685
