100
-834862 -276348
-953309 721076
-870352 674298
252625 815926
-595220 -902895
873900 332292
-279590 506007
907155 135643
-46142 -583347
-283146 975004
-592576 492319
-558712 -963551
-501140 -202796
82570 -958538
591788 178227
-409931 -658712
29763 312175
-523986 524813
-542523 -618732
-886357 -825888
-717180 747281
-119502 -242090
-446169 -171858
266406 -587964
-333369 -926934
656912 667949
-701450 470733
-443748 -808298
236865 840672
-26813 -253482
746636 -975025
-155860 264335
-434357 -471129
-144607 -521788
116998 -362843
-73857 381523
427338 511010
-954646 -658585
-928326 -238440
542329 -702550
959418 -658371
-240870 196387
-456409 111202
593239 -923464
598929 -502121
865809 608046
-220243 726641
-57722 -774796
-263930 -358707
-911080 236871
-376724 53822
-818491 328571
542754 387236
-61967 734532
-679577 661299
-158286 825763
-568006 120269
-124104 145255
852598 937620
-538400 -232285
954682 -820125
674137 838102
785566 -82778
156879 622179
-12979 330634
-59330 -223226
-534222 306593
362329 210253
630268 -23024
-442901 -506270
627954 553672
-215642 476282
782250 827693
643616 911279
-48615 -473052
-900361 -890032
230746 -734796
527685 307545
-579577 -964103
-387396 93862
943987 853816
-695520 937904
-626653 221418
-946328 -838544
-71066 800619
46212 -411261
490571 857119
-76618 -486453
-207968 -191893
72303 -816977
393810 89566
-383589 856701
-914967 6829
940883 248208
211463 370677
-368182 278419
883551 -545437
792650 604463
934843 -870428
-653020 -437736
