100
-175582 -908473
-533211 -78990
-297933 -994593
-16023 -970829
-519201 -221549
84550 410812
406359 166028
533460 37105
279100 850688
823262 673918
-303449 990952
398321 688171
975544 742880
669995 -51535
461004 736375
870357 -886759
274244 105501
984514 -8337
413029 321198
524914 114987
-307789 970598
950294 -699329
605572 -194699
-571985 375763
-781353 465837
-170657 -648469
862776 100080
-970031 -812675
-897494 703786
-991604 821183
316411 -27077
-860774 617342
162273 -3490
-82901 -914868
608569 -411384
465407 234213
395115 384332
-371755 -366476
789496 -807817
-998379 651070
980396 -174285
-410752 -431233
321366 -446121
505975 763658
402920 -116027
-243531 -771249
-303171 -773188
286033 -773131
-694747 561533
141505 459666
198978 513474
-421843 -548320
-409088 524290
978145 -391947
569997 -941834
-388096 -454029
546556 981233
235539 -124636
-851117 -621079
49037 99475
945812 -815295
-45877 730432
665801 -322950
522726 -56827
177994 -875024
973297 -930327
269419 593228
555505 -485886
-510220 458191
91154 -964293
766095 -363088
65137 560584
715560 895369
-699727 -273638
-866609 489898
452965 -239156
343693 550959
685875 21575
-974554 -175401
-184320 50367
-310534 -33950
902061 856978
-914730 471332
-812202 931406
-818341 -925155
-549378 943884
129725 705768
-917307 -267895
-914917 -535958
71493 -183294
-33807 748641
-616278 -347447
-460203 -347480
-352621 -883817
585697 -484120
-531380 -946735
86871 970330
864881 444783
666968 499512
-707860 772773
