100
-720887 765946
-991020 170446
-681733 -803212
230766 987698
875083 590700
-64145 -998492
-499299 -908783
-986798 -217793
-323774 -964564
976830 -267979
-940398 -424113
-645635 -829182
-970037 -313858
400476 954203
946290 -400578
996161 128769
-999716 14806
-783845 -706857
-772490 713058
574113 885737
-962935 333741
907102 -507982
-999643 -36704
872020 596221
470038 -926937
134990 996394
664859 830530
-810092 667270
-995908 -126379
836120 654005
565303 -882878
675933 -811080
-780840 -710331
592610 875787
908638 -504480
-455415 926998
819782 -660032
-961525 -350617
743261 -751371
855664 -606364
577498 -876153
101966 -997981
36097 999843
-696221 -791704
869615 600479
-348517 -958566
-884046 550046
410205 951441
623202 -848473
428374 945890
791004 713822
689757 -800068
-696261 787801
208151 990324
923403 484905
997664 102870
714418 791588
249435 -983370
588427 -869907
982687 -231107
997771 100784
885499 -553232
-930598 441510
-780772 -710409
-995608 118777
89865 -998555
705768 798884
-970060 -313750
-993523 -156535
-212532 -985312
189771 -991186
719063 -774747
-314737 -966621
-532378 894448
389958 957066
142839 995901
-885829 -553628
927936 472702
990861 189980
-612994 849491
-158075 992088
749957 -744443
187341 992427
-343930 960741
-778088 -713461
-37758 999206
274565 -979236
-582112 -867999
-999853 -3355
-624897 -842703
-431197 -934565
-997230 93970
-176939 990133
985905 -208435
-890271 -544809
993960 -131485
-999645 20775
-251156 -979246
-876626 -571061
559136 -886180
