100
-606503 -852806
-886398 -539076
641943 833049
411656 942043
-895890 546531
-995388 -107562
-507426 914702
819357 -678911
-281697 -973813
966138 -344512
-782045 717512
-912321 -481192
837574 637788
-312695 973179
-538099 -890573
825274 655624
-896345 545619
-917854 -467487
950787 382438
-400096 952362
-666260 -811605
-590217 -862532
-997285 -76452
-223795 987677
-975829 -264907
-588124 875335
-585465 -865279
-865303 602424
-986117 235117
-935622 -419177
998676 -80838
-846643 632479
-995311 148783
534654 893494
997371 -109479
-583957 -866144
-491800 -911834
971770 -318638
199702 -989112
977986 261077
-174672 993090
910180 499599
-215824 -984732
34678 -999853
659148 -833216
347174 960034
574505 873249
315616 967457
744578 -763023
998360 -88884
908472 -525321
207685 -988157
934158 436117
-985398 240109
-420695 -938530
-686366 809588
970191 -326163
-856364 -594928
935788 431304
202904 -988734
998978 -71815
-500939 -907909
909809 -522196
-555654 -881670
-113232 -995663
819578 -678621
587171 866355
352043 -963164
-705184 -779867
578387 871161
-809466 684285
-667032 824348
998997 52182
-923523 -452950
-271094 980784
-272893 -975456
-985142 -206288
-910955 -484493
-996280 134913
-510156 913545
212570 985579
945200 401696
653363 825244
-745230 -741405
-891165 555796
819551 663529
-754736 746985
-181013 -989246
850646 617125
999676 -39663
-503400 916395
-889923 -531760
-713935 786396
636024 -848350
582980 -879085
-955905 386456
826963 -668722
882609 559360
368885 954461
-800429 695656
