100
-995677 113629
-936293 -454662
578435 -862380
878593 596266
-26500 -999931
-461265 -931329
-277211 -979032
-579543 877067
-942148 -436328
-362937 959251
949805 -382115
-146058 993312
998306 96027
-324671 -970022
-350152 -964415
-999820 12492
621672 860717
-919061 482949
-927726 459710
646343 -818738
-819716 -679385
869839 611834
-613215 858169
-899573 -547201
-930103 -472767
749884 765569
669016 830522
-619651 -855969
-232807 -985951
-944990 407687
436394 942168
-943744 411790
-422323 -944633
-767656 732350
-563790 885289
-960173 352170
-939246 -445565
995822 -111262
-417844 943864
-681484 -814762
-946345 -422416
850453 643200
978151 -258320
990802 -167400
3272 -999853
-457188 930840
-837457 -655019
978762 -254776
-480403 -924170
697897 809466
939673 -414344
-986840 -223400
-982122 239326
992076 190422
722114 -756902
-999898 5061
947411 428772
999448 -31050
999923 2167
950807 -378642
-343977 963857
993858 -136008
-331948 -968488
-664685 824706
266589 -975098
-991094 -187217
-293600 974402
-999358 -56930
560338 893512
-969043 -331452
-946168 403767
-995980 -130077
-776955 721868
-328797 967289
183761 -988299
-965890 -346215
-357653 -962619
-803631 -699670
503165 -901131
-709655 788990
-710385 -792641
-827042 658018
-588419 -873805
994804 157625
44544 -998996
-905339 516774
-273669 977938
-971235 302090
589954 878479
-850261 -635854
-841735 -648787
164563 993049
986088 244278
-910047 505520
314241 972824
-936800 433547
914111 522964
970536 -298460
-659913 828086
-316723 969865
