100
-687648 795983
884736 553140
958661 -379542
-290023 -976229
634853 -847844
-449474 -936897
-709190 -798005
-872756 568656
-563516 878258
-437203 -940855
723040 770429
-623558 842942
-36480 999738
-814485 660999
-45349 999574
-499347 909873
-960377 -372248
981607 -271527
-599028 858221
854865 607498
371852 -957696
984924 -249627
992530 143034
833950 -658535
427395 938477
818291 663120
992328 -188603
-892850 528674
-622712 843490
919673 -498401
-821647 650992
-991307 154964
212203 986243
773292 -733887
999900 -33194
-960309 -372527
204608 987242
935893 -454648
895565 -553229
-998351 -89868
-648481 -842764
880952 -582045
-557940 -893608
-986406 -232235
-604335 855008
-603656 -869999
-550229 885251
-271110 978918
339408 963069
779939 711620
967118 312872
689374 799705
873193 -596277
-417918 941836
-822280 -679805
14139 999813
792875 -711814
-375652 954929
-931225 435784
710793 781496
854420 608237
999083 -84970
-992119 146697
611088 855048
563625 881705
-993185 135191
-840755 -653956
-769857 -741715
-881733 -585438
985110 -248301
-678541 803240
-603513 855509
237651 982631
-980615 -271973
-310430 -972376
309361 -971544
-953382 365287
-229300 -985865
848895 -636647
999273 27438
642007 835145
-998197 60881
-927392 -481535
-618550 -861463
-984100 -249045
700995 790014
-965529 316813
-960381 338623
-957597 -383365
934034 433765
-462649 925431
-478919 918774
-964235 -355969
624377 846805
-999918 -29086
857962 -622342
-723582 -785955
-784007 700113
999863 -40064
991184 156844
