100
-953693 -389172
-569973 876700
933897 -457390
999444 27215
220038 -988185
19595 999874
-468518 921968
551539 893956
711953 784410
995310 -150005
66483 -999145
931750 -463313
-73691 997324
-933433 -453263
999928 -12988
-887930 -561083
835918 642175
-61982 997859
-665157 818102
-242565 980119
94359 -998237
38070 999848
-948558 -407000
-704318 -791572
-153449 -992285
532509 -907508
157851 -994329
291089 -978088
108129 997822
455958 935028
406210 951206
911190 501849
-49480 -998804
-919922 -489096
-958386 -371585
412569 -950788
-940483 414886
650109 -842555
-878611 568429
145048 -995305
-679353 -810960
-994335 138371
934591 -455436
-732894 762655
-981429 241006
901497 -536543
-829572 649885
145758 -995253
957755 355802
-787776 -710976
-816904 -675075
979861 246491
557958 -895814
-858929 -613639
-21940 999243
701416 -803428
-921205 -485879
-720685 -777920
485293 -926793
579785 -884984
-784488 708934
-900834 -533948
997219 86369
-991727 -183743
461152 933160
-673482 -815277
207133 -989659
797585 694784
-994011 142125
-968953 306157
999169 -70550
844269 -640287
977497 -291880
68652 999318
642461 -847793
-947775 -409573
807075 682761
997592 -111694
591784 -878656
-805049 683673
-400110 -946027
-816149 -676074
-976372 -290428
566057 886365
-586994 867518
578189 879693
610478 -868066
999396 29413
-4911 -999647
-243027 -981154
-64251 997759
-747138 -753934
892991 542249
571476 -889210
-982615 233575
681905 -819250
-234381 -982488
968374 -336919
-825973 655129
455736 935107
