100
583463 410932
910181 990770
826297 239346
804364 38712
227681 197044
374788 318459
142217 166599
175487 204619
659612 224214
445057 443012
361995 790166
75259 915881
371472 685182
836541 470605
295091 642524
519295 292168
558161 376501
641976 1306
39226 597933
33008 94057
556528 482301
710050 723570
78199 779753
184457 388780
700238 521607
46365 162116
461458 351531
599269 123879
506928 861822
375616 256996
414906 426768
332100 963473
942577 438576
244977 917522
277859 951483
612911 380221
61487 714418
888179 559349
418524 374151
747599 143369
203875 155543
100553 791323
593735 957569
905848 514158
111353 825570
386905 784376
254072 635607
853566 974274
675129 261690
217160 25717
534756 493811
543622 368
644111 647642
479480 540727
96747 989741
324122 581084
559254 868473
359870 999823
474762 870533
188863 473249
649040 767731
198010 909407
724438 548752
35554 199128
461432 819662
101388 394434
641389 420195
354751 724162
586995 900939
223172 404330
931409 864705
391799 658499
10025 860407
662603 411571
850301 223197
500612 746270
484373 294056
825393 965830
639238 718074
426172 505277
346934 218507
269825 458359
344808 767333
969601 30942
817104 835510
871613 194515
189560 70545
31644 36786
2323 272647
764334 284137
601959 834712
625990 111134
710086 178621
178228 596017
401202 470723
877601 470366
391189 138064
522831 296503
556812 536304
881609 997010
