300
564259 486576
-310320 428273
-840553 299445
557855 314729
-355477 -104929
-8298 -484471
804032 181310
-348456 204432
-991859 346528
-325150 -593735
-662553 140286
20087 359331
424367 384811
-498699 126930
-96175 298260
281951 -764615
-736165 -867109
517631 -253615
963933 169791
92040 75634
204124 -366359
-482522 459701
-760815 -524486
409580 -973019
179645 806188
-451103 943260
-325641 788864
655642 12607
-166847 668005
292205 810732
-25012 -295126
-820819 -509883
876909 722848
-221768 185436
43321 519998
928395 977558
410519 -592230
565875 -93163
623289 -897353
-299537 -733240
58674 -44686
309988 302619
-206323 640602
983402 263370
613750 23988
-189105 426331
321861 -195752
401886 582942
320337 772078
-248972 -250281
302781 -985715
711023 -824471
624324 294656
891119 -405662
-936178 -187678
831608 360614
-214999 908071
920088 -160502
702277 405863
-374900 -497830
-731422 974653
260380 269767
261649 -843797
708962 443129
-161267 777962
-588011 -524855
-191746 -871829
-282392 237290
72432 -978921
-793868 -351114
-816403 416909
557356 -753217
343412 -379276
-798023 922985
-214564 -614436
-976609 628011
967912 570844
-171540 605310
287899 -969568
910987 260210
-638932 160969
-136486 -347219
40912 217122
665867 10174
-461099 735592
693439 -641619
664360 -974569
475859 997640
299574 999283
773807 -164547
-321275 663155
826834 -372188
942217 -874418
-855305 201513
-963676 384194
-399207 743342
-914032 -528768
173985 -936813
583185 764487
560097 363244
-315021 327102
-877680 683578
-307846 11389
-163005 812588
257192 -757791
507789 1069
-935899 276797
-53018 -167931
-143128 -879630
10518 -452703
918489 618830
439218 303169
-131955 -712016
-591636 584820
-644318 -206038
876722 650495
53219 -834794
278691 -336460
836614 -678301
-49636 48068
952015 269423
-641092 46143
-182176 322186
720578 -929457
741602 612987
-861570 693114
-730842 513209
-466474 -137387
-754229 75905
-344522 -913303
146289 356783
-896417 -607522
-159851 904344
658051 -334645
-307401 106694
-135078 572868
892867 -61351
613236 -20470
908328 -720466
708996 713247
41695 -77078
402962 -571033
22102 -98871
-7010 625004
305264 -265666
-962766 869386
794698 -816564
-625713 -321001
-786375 122562
-668252 -59453
-352546 243523
-799034 -909167
674379 208647
-424059 309425
267893 -7629
-879780 59193
671670 678908
518930 -429900
829870 -544052
-219094 -424306
-192421 -105713
-593792 942525
-296025 -485329
-956590 -105213
398734 -941032
-28226 990888
-659094 -476237
-333372 -519426
-58684 264057
231196 -202363
-585731 -472643
-992522 -941843
742988 213776
365525 -559881
921110 -711123
574860 249342
-539766 -399987
403178 -875853
-544715 405336
356768 -938322
-482516 -227087
845094 -171964
180876 -230695
831272 823754
885180 -552295
-349904 -884594
-93298 -726969
846442 71895
85118 838841
842247 -741970
192771 -932632
231745 922352
-960625 -779059
720457 -779508
-802636 899194
-454884 -426514
435673 779877
-725166 490305
-343513 751837
-899167 176911
979541 259087
27302 619272
761005 193033
28493 137265
719452 -638936
-902800 374198
661820 -983126
708741 448998
-826411 643606
829737 818499
726290 -427975
-987086 995102
985516 661373
1303 522952
189565 -63948
293228 -520415
-269775 573184
465694 545911
-510062 457673
767416 99911
987167 -380859
-543838 654171
116986 442703
315599 40145
495794 -753766
-258540 367906
-142580 428266
502800 806548
230298 668974
-815879 -388955
-356077 474191
-892621 618850
-370619 442879
320049 879302
242041 -735170
-147560 40746
595092 227521
-688883 -358264
577748 -864765
-786237 -727226
904489 -742117
402966 -298216
830804 235647
-784287 -375844
482816 -215065
751913 -789288
617105 128844
-464511 -265303
676669 -773739
-606713 532310
-881964 452064
297289 607831
420073 -730361
883845 765276
575330 742971
-166064 -97306
-289482 -274034
541034 -153332
217861 730790
-366721 988666
505243 -775343
840824 920078
-301776 -70328
-796220 646986
-447951 123274
50 787721
-727970 -736801
-129567 850167
126782 716527
-638168 -397831
171237 -971070
988196 -22231
340913 -509692
-961351 549919
-795298 -324326
604142 78160
875656 -464847
-454250 -290811
543114 136404
795883 -546463
-92004 141804
539688 -16005
125933 80392
625894 -978749
-868839 -653111
-782444 -196868
-271910 -730857
-960032 -693394
67647 178479
482703 -873791
-553565 267643
-902280 848535
88268 478525
899810 -488390
985280 -889986
747865 389193
-686717 -457179
-993725 -434971
607284 -311321
-963542 302759
