100
266038 144892
503001 296695
928007 403615
109358 982539
103029 451939
498325 845360
162489 421095
774317 94653
560290 855180
289931 84587
533294 156314
698085 232137
816338 186112
395940 546939
990448 75703
254771 181058
40116 321988
127059 945505
181554 775225
807862 456728
453202 176870
191289 249376
989590 903722
146932 399804
513851 959814
825698 136569
194641 983331
711578 996656
454874 687191
344618 12173
508183 365066
80555 371832
734771 745458
362565 307522
844014 295138
145830 608385
858054 155412
600528 897100
512933 849249
808900 759671
543836 516254
885980 212460
528342 639505
876313 420114
581561 290247
903253 145355
70854 476973
648747 822842
301846 428622
361882 61770
817506 40276
396342 662104
96460 927706
900841 818592
561205 652092
807115 815721
81906 437539
884714 861596
571272 827496
870773 646195
924476 596976
897098 453196
476683 941964
940641 789701
291527 291514
293660 382276
472680 145195
110948 394537
809626 214266
303174 204244
24143 583657
242593 434724
469604 7771
819944 225653
212253 466255
939884 26816
966722 284656
716355 857323
237244 797556
40323 289384
713714 363926
71729 631454
764252 472364
805205 248290
965101 127934
650354 565996
17886 619159
279878 221604
708787 790357
724249 958140
233635 643690
187569 561155
879223 604706
927986 112147
15803 189378
929687 555925
323561 843852
871844 578712
258545 862614
110040 893725
