300
429810 -813776
-161209 -434640
-693242 666415
253309 364071
776232 879329
705657 489795
-732546 -950836
956546 -279161
-67967 -977865
-805581 597004
577679 -685329
417868 -438826
420973 213822
-188833 533512
447609 287049
-820842 240577
699885 344172
75513 -995451
788546 -53940
-444291 -335308
-195924 -857978
314762 820640
145094 646608
-92854 -152346
536632 -858313
-941437 845122
260246 162731
-377793 -27856
353607 -527740
-375811 8150
-394832 -644173
346728 -602410
-590657 906593
-543065 189192
-583829 420082
-506737 -458624
-890422 -624020
912950 -836717
816131 -285317
128797 83541
509065 75415
-297301 -700099
962383 861722
131884 -617815
92 -245720
-323675 -788867
-618402 -587390
960222 -528689
-876010 848853
335828 585532
861218 -791459
-383867 169900
884156 800638
373616 -984635
887499 -254749
-602172 -108840
616923 572387
314202 623604
-948346 753287
652716 478831
111376 198639
-134429 618178
315735 -183506
-520221 247634
644360 -384157
-522270 480578
171605 417778
954941 613937
-645109 681749
-139282 -805764
279495 78058
734859 342903
-833152 501429
790203 277014
-970039 -339661
809535 -289075
245333 -417637
-893579 -821179
109158 91699
-208073 -489208
-283629 586726
-618817 -722883
615738 -684767
917510 28958
507234 873341
-859731 -173993
-177496 438679
891555 -218352
833645 375251
-38050 -736490
894816 753546
-460022 812626
488941 140224
-955956 851466
-733118 984629
984573 221050
-500955 228893
-312584 -857614
888067 49203
-154893 353805
-709880 -823632
-516305 52448
-239408 31668
13104 55285
286366 261246
-976744 600213
-634193 -957765
298102 -454411
253261 -136953
631735 56860
710167 28420
834960 -444967
868756 -729363
-469304 975626
-879804 102276
-820571 -391473
-508916 424871
-142637 701220
341798 389844
541125 967078
-960971 -935780
322528 -573604
-695324 812826
122748 -459943
-594721 -675535
248549 756441
108035 -852848
-352692 614327
-385023 -575289
-295306 644944
25940 394025
-530437 -12509
92330 -371960
418410 347059
-141600 238445
-732794 991476
63450 -873900
324036 112433
831669 -790885
102862 -407260
-492599 538769
680220 727920
-406225 -337015
320839 444415
-905456 -148223
286942 -974349
404193 634813
576824 180737
-220631 -125365
-116120 -559149
-539786 -402002
487473 -520764
213817 610434
828211 697692
426384 -583091
15887 -175014
876387 347206
87984 -813071
-386960 -69912
250065 -999288
-809715 418710
-885843 -279232
293185 259141
27865 -96517
965468 741031
584172 794804
-960156 -685070
447184 162849
861129 895557
570285 -118755
690059 229130
-840658 -771953
715077 352809
945234 262732
883450 371497
-544539 -301597
-236988 -407759
93679 -382155
-552308 162392
739944 -828710
38365 48745
-401094 -521321
995525 -477431
-735614 808093
-108360 60869
-165993 -937280
-663695 389519
559239 894369
-936428 -616335
305255 -249712
724405 485935
98678 391935
-109538 540322
-529676 -354606
-84643 534543
237623 370521
465970 -909253
333146 833515
409074 -161794
283002 543922
-84827 934051
100525 697339
-400685 281977
545938 467071
-37395 435011
693618 -801024
-362182 -981060
158436 -887410
-330697 -439488
894509 365636
75373 392720
933295 -617240
-771120 172396
315438 -243011
653724 -404893
695854 -283496
732877 -629205
712351 -298899
905380 468191
-293151 -590489
157545 209475
709677 451910
846186 -105142
-991617 -868843
-335326 -905892
445783 -233156
636866 -132453
-757672 161367
181590 -378849
988487 36577
-513230 328007
323675 -747325
84557 956083
-979791 891359
66425 396642
549737 -228152
-706579 618724
-642719 -756900
907305 -617169
-844359 191538
-937796 549870
9911 857166
686773 118642
279465 879424
13973 663198
547400 646040
-532470 -363277
42066 -248691
-757405 -131746
-7306 -691393
736867 -935540
-213174 -809446
546016 -599328
14882 -97941
-713654 575938
985858 761146
880436 230910
-493186 -989691
-820005 -135502
494372 425241
-132000 803698
-124895 -567135
342698 -935364
-670413 -811347
746017 930795
-83159 218218
-9936 -431864
-754463 -360580
180677 134854
220787 178828
964926 -540155
-652306 -562000
693173 59177
77862 409344
-697108 266482
986706 967601
417115 42770
-230961 483552
-406096 -396798
869018 533423
-172207 -354788
-332297 736132
755279 -903007
-188416 508774
96019 582217
-780902 703808
-983232 990995
-719514 -601372
550234 -57773
701194 -942842
954010 -526155
-429697 -613672
428306 459682
214760 11743
329800 18027
-80283 733516
892915 564310
-987103 443208
311309 468239
-924267 -859640
