100
286199 611827
558141 255547
372127 52239
675624 158545
17678 200669
503941 620182
999282 340698
247310 367522
784017 999773
116244 332646
417365 131971
925598 39453
97008 881851
51317 830882
858010 562720
253279 533449
244491 900852
323966 788489
693491 546807
611953 806713
947220 620660
77988 697468
690811 777352
78180 410834
168689 250190
865177 486329
631469 506104
955917 546187
323170 445589
1666 435805
756033 282742
712582 589290
856735 901440
2730 537712
870548 823482
27412 459565
741741 428076
104624 532938
327937 522489
530056 580504
670981 351859
746456 386672
499788 777109
718485 216159
260352 876994
493840 903321
186830 503093
641654 865460
225378 939049
839779 978210
236094 203483
796382 594158
147351 800045
645193 879991
304563 821329
47358 796334
771758 201102
20513 476680
411376 538317
666702 563745
891796 424655
4670 346112
356679 495205
145655 924068
549555 133280
541571 100611
664135 789099
100784 494506
552168 261134
410067 246491
947868 184859
527221 917388
799599 274912
357295 266884
962843 850335
114849 241969
325578 715440
89689 251820
22680 595390
433596 241012
749299 522442
12720 775897
822539 584850
862582 439471
89221 899746
720530 431467
323645 943975
284956 573445
942791 142313
394131 534417
697349 270243
895155 888288
343141 283980
91631 303467
291727 156333
275202 851458
986465 578997
379413 166874
440996 795468
956443 183813
