300
-996754 103224
-490215 919221
-999931 8329
928882 -470325
603821 -863706
-956723 -373631
848456 -630963
745074 -756633
-521137 906390
475596 -924638
-812203 -680933
-294050 -973819
631433 840665
-739983 762737
-81559 998107
-863341 -604845
960462 346099
-298931 973690
-987556 -210429
-759696 -741254
-671463 -817919
949307 387663
998605 60941
999095 46996
999649 -49318
495020 912772
645086 -837825
-636186 845248
-511594 -908520
-699888 798476
-866827 599227
-744722 -756106
-995004 128994
176950 -991775
-828174 -659503
-981593 -253070
933669 436993
704065 786198
894292 -550600
-340364 965035
996274 104356
147800 993803
-222431 986168
422233 939925
709564 781427
-925309 472001
-622468 853958
987985 193073
-163240 992717
228567 -985680
861369 -610545
918163 479064
-995343 -131664
453393 929082
-968705 318984
892124 538787
-408632 947294
-376397 -955015
311465 -971596
-995918 -123538
774081 717480
138105 994629
24689 -999930
-936151 -443271
979935 249990
-874363 -585349
-976072 -285592
-34138 999618
-631021 848577
987211 199320
580576 871380
415076 -945329
-133398 995128
-987809 -208387
514573 -908805
-249866 982188
399734 -949897
564362 880151
624451 845212
-347616 963375
374407 -956909
877796 567170
881154 -576095
864839 -604805
-974003 292466
-455801 -930345
-916714 494334
968654 -331586
-90681 -997637
707693 783062
-485281 -919335
977313 -287317
-801201 695788
-170465 -991701
-777672 723605
-53955 -999098
895389 531907
-182545 -990439
849414 616264
-914237 500529
12336 999937
607185 856001
223209 985116
749106 744206
-264240 -979190
676023 -815706
-526726 -901844
669174 814172
492581 913790
305782 970749
-460043 -928834
-924509 474154
862554 594535
365607 -959191
843234 626017
-968649 319248
152669 993365
-999793 21752
977537 -286066
923854 -483503
582122 870522
-952262 -390409
419238 940907
970430 301853
-746608 756276
982148 235863
949343 387539
-614148 859046
-59013 -998940
830001 -658076
947610 -414421
373355 954672
-916757 -495872
997628 82022
32044 -999853
998438 -88398
289031 -975990
-959485 359217
476323 -924363
959514 -371307
898369 525478
-587010 874565
-411615 -944906
-867461 598095
-90843 -997629
-885781 -563710
-494684 -915585
-181873 990924
999564 29485
956380 362147
978348 -281446
917430 480911
-976461 279167
804319 -691796
978757 -279058
264788 -980264
906393 507453
927348 -474410
983529 -249311
291341 -975557
855690 606054
884181 -570427
-17329 -999863
-915993 496146
-670547 821398
691526 -803722
506299 907964
-997604 -95597
-278869 -976639
631598 840556
979881 -272349
-681042 813517
208028 -988310
-943815 416679
-523460 905380
-734696 -765589
489469 -919255
-957159 -371941
676117 -815635
-826020 -662521
698059 -798473
-543659 896286
-333300 -965599
208064 987196
-610844 861025
-797765 700026
-50164 -999208
-631402 -845375
-697436 -797864
-612303 860154
-681187 813406
-201846 -988217
-977351 274170
-818030 674110
-713015 -784885
-992935 154066
-480644 922950
-792354 -705396
-713231 787174
-108620 996729
890685 541771
-509969 911149
918478 -497008
-326155 -967205
655883 823897
45373 999465
992585 149849
-180563 -990652
991629 -185501
-960146 356517
-980714 254163
-681371 813265
-824647 665115
185316 990008
-844400 636313
-433610 -937925
-338987 -964299
970555 301243
-990745 -182774
689017 -805702
-970828 -312640
-906760 -519673
72988 -998875
-871995 589889
825996 651720
-984267 -235271
-93980 -997470
-381156 -953727
865332 -603978
-705351 793912
649584 828343
551545 -891735
-396881 -949299
-885073 -565097
89452 -998227
-670146 -818883
-415666 -943658
577190 -878577
985420 -236408
-802756 -692819
961036 -365174
-955677 374309
911888 494497
-902133 529083
-908400 -515914
-999764 23668
-969077 317227
-698970 799235
118078 -996681
934074 435808
518823 902427
955788 -385681
445617 -935439
-637801 844193
999821 -39523
-180975 -990608
-986273 215358
522661 -905249
-290371 -974519
-250663 982064
-767316 -733360
-287475 975839
725557 -774856
563604 880550
584211 869355
-388268 -951756
-781730 719013
-437113 938428
-857356 615560
-999856 16869
-326722 968038
834632 -651505
994021 -159745
584917 -874401
832689 -654282
825187 -664741
871554 578714
254176 -981965
129835 995285
211031 986803
-940976 -428523
407566 -947592
420770 940406
-967046 326677
-842830 -638031
671396 812502
-398263 -948898
-42970 -999400
569317 -882734
-786452 -712298
654456 -831402
-948471 400854
831254 644138
-932987 -452520
-793052 -704566
-942647 420515
-492949 -916286
171320 -992341
-983893 -237879
890682 -557850
