300
189955 -989089
-806319 685849
-207750 987018
917672 -501570
-655360 -836475
-675352 -822108
494074 919574
90657 998147
261711 981117
-80306 997890
-986170 -224744
119017 996670
-654346 -837176
953446 -394075
419952 945209
242819 983988
-798201 695962
-474567 924308
936004 450618
-335652 -968163
-487367 -923741
-903061 -530125
648821 -837094
-988324 202942
-15385 999816
-791245 704353
-46846 999178
-776635 -728650
125999 996230
-58586 998796
-803378 689558
274977 -976985
772932 732322
-276725 976588
-970463 313963
-927516 -469875
636857 846753
301542 -972091
999912 -17204
-642259 838601
998968 66717
758153 747922
-616996 -861321
555423 892766
46793 999554
-969474 -322246
916286 -505015
-848122 -632642
988488 -210232
-961181 355001
999310 -53332
-476901 -927628
-935612 442220
-838548 -647538
-863328 602141
204711 -987322
-996098 117730
938730 -443311
136138 -994444
679672 -815335
507614 -912141
-935501 442546
995791 131354
10289 -999926
-954411 -385123
934751 -455239
-483372 920985
-968671 322509
-362691 -961991
588002 -873978
879007 582681
-581276 875857
-674643 -822636
812965 -685523
965526 346310
773722 -731232
939943 -439559
-959423 -365858
325794 969231
487104 922279
-533206 899879
-94356 997162
985000 -237665
-607179 -867141
244857 983690
999549 44982
799236 702019
-401711 -951785
982745 255040
-976806 -284783
-828856 -661879
614256 -858931
705316 -795325
-994149 144383
-994351 -149493
-993894 -154900
802818 697617
-796712 697778
995402 -135789
-829342 655070
-392410 950721
992389 -173197
655186 834502
219008 -985484
912991 -513009
923901 -485504
714277 -787833
-998525 -80534
745499 760557
-866944 595894
-959295 362519
897903 545140
-926744 -471977
-905322 -525023
-656521 -835669
975843 -295004
160103 993627
-999925 13758
-802244 -697966
-945225 -416948
-327036 966719
-706039 790264
-922937 477291
-581609 875676
699940 -799691
-999986 4490
408399 948607
-711037 -793431
-998934 -69501
999237 57877
-369696 -960274
678353 -816311
722643 781828
792071 -710885
-783487 -720787
363682 960550
-632418 845153
879665 581453
964343 351423
-973529 -302252
108293 997282
-593238 869155
-979850 -267138
517171 910100
943622 427203
260981 -979339
-599717 -871435
-890882 550923
-260166 -982002
-195367 -990434
325211 969355
-578497 -883048
886251 -570304
-124771 -996439
914440 -509520
727060 777880
-911648 -510271
-860093 -612953
-964746 340130
-227064 984443
-997810 -96552
992792 -168770
-380783 -957453
857211 620570
-536044 898564
-362823 958421
-996609 -118210
-684693 807665
-995084 132338
-477590 -927376
895497 -551796
816506 680076
-158970 992388
992218 -175025
46429 -999282
-590447 870751
693109 806498
-830028 -660186
972825 312039
-556232 -894311
-975455 -292152
749626 -755708
632695 -847584
620630 -855080
474441 -924915
-993481 -159638
999403 51537
-270865 977606
-400976 -951992
-275652 -979520
-972342 304657
-287109 -977579
-985891 222408
-999700 -38967
769221 -735978
55230 999363
402049 -948140
982489 256732
998419 81791
276351 978728
602406 867912
43702 999615
519618 909057
797057 -705056
-993542 -158948
993332 163432
-975849 -290026
-526203 -908044
-329657 -969435
-249849 -983563
365635 960065
-482392 921361
826782 666134
-440425 936275
305960 -971221
-999404 -53145
969436 -327716
764656 741176
331642 -965858
606030 -863785
-899965 531838
964787 349515
-235617 -985569
-923758 475148
553702 -891651
896162 548819
775919 -728885
462800 931208
-241867 -984709
950891 -403312
-998420 -83088
996302 -122087
-998900 -70505
683652 813810
935684 451565
-910764 507447
-999683 31054
-621741 852018
-957364 370018
248964 -981233
230932 -983866
988712 209726
-500278 -918746
641171 -842143
-996755 -115825
-334530 965071
861740 613110
419769 945264
886662 568059
-825585 660326
-809814 681381
974439 303675
-997300 97282
980187 -269761
-152386 -994440
611577 862525
999318 -53012
-983087 -246433
490587 920936
954920 -388598
-682615 -816601
-308546 -973659
-782064 715078
887391 566629
7253 -999950
400814 -948489
-651510 -839126
251410 982713
-824374 -668267
-647120 835268
905113 -531159
4149 -999968
387184 954501
-471036 -929747
-831504 -658037
180609 -990135
999961 -9700
686292 -810354
519009 -907370
-896724 -543864
621435 856535
920466 492840
-473773 924602
-774359 723765
-867568 -600025
-917437 491315
516501 -908437
991750 -179882
-980506 -263117
-498512 -919442
-213939 -988329
-941792 423517
-786760 709646
949907 -406778
-613124 -863638
-994452 140591
739834 -765042
999965 12432
-980422 -263638
126534 -995203
