100
815858 4182
448947 90995
958429 244652
167339 331295
589221 142574
730564 286521
148517 864925
494246 967355
82867 766616
475136 112729
308497 365850
762056 118793
688957 967748
486663 350252
145547 853632
242825 404222
921475 307941
680861 455759
678444 272768
570162 733895
986996 966160
12163 995543
986631 658432
973621 882700
622753 637896
553790 551314
162293 631087
547673 114978
84734 927208
915427 461044
64710 480057
420400 388108
144187 243319
46596 823060
780485 726679
703704 495082
31829 873445
436995 931243
963406 835256
669671 446398
91702 201244
705670 910388
134853 671653
716260 102603
402001 91684
131320 660550
360572 898001
215066 779925
404977 353228
193011 312288
927751 363593
194305 159069
116334 428084
590665 435054
496211 439323
76430 250714
293797 429119
542800 609930
33761 615883
593521 851834
476157 334684
729358 294548
385499 107914
76107 56306
673486 95956
167876 572669
910462 664438
332761 134526
466963 701825
256267 906389
141731 282594
82164 167724
918913 622900
505007 999855
36107 972010
638288 962664
268456 305679
957905 920884
888876 296194
306550 71481
837673 509535
589927 483897
877967 558647
34642 624605
387801 152386
963821 915195
797144 565874
829768 784547
152434 144282
83734 173192
16710 538746
582481 168308
615936 281217
100586 988707
761318 250291
17795 329628
748814 316615
222537 165922
670671 318233
433301 579531
