300
728086 -766963
-959566 -361539
-856176 617695
956067 -365695
-50036 -999523
-745028 757541
293254 -973166
-993410 165115
401888 -946570
-252642 -982563
-988586 211518
-999773 33127
-884058 568382
151188 994562
783954 725076
-948864 -401371
-962518 356875
-462377 -930463
-999817 -11729
793136 714444
961102 -345628
443581 938798
356975 -958964
-644992 837757
987946 221602
-916418 -495160
701480 804007
907443 -508152
-847576 631457
-999730 -19284
233735 985773
-375786 955724
-949645 -398644
-227592 -986097
-744966 757601
-982584 255542
-111035 996422
679719 820759
998626 86582
-529476 902037
481030 -919245
-969654 -317385
-653013 832362
961066 -345777
-593172 869593
-179378 990749
954868 394811
383233 -951978
-132332 -995700
-947336 -406621
-986520 227887
602515 -859876
33041 -999480
-131571 -995753
-73355 998382
-494194 917045
-994220 155655
919240 -479500
964285 -332160
887401 572726
-713591 -785154
22671 999949
820424 -662630
-396764 949963
-983570 248982
-201260 -989339
229812 -984052
819497 681438
-836636 648096
893324 560801
-262928 -980969
-537087 898533
-987330 221634
284692 977866
802723 702872
469491 -923724
909622 -503060
765066 745696
907140 530973
990826 196337
-909250 -512261
-909969 -510584
-580759 876485
375673 958458
-722867 -776931
-18596 999855
-755010 -746026
-838907 644723
-992689 172971
607281 867739
-8633 999955
-275127 977578
-474285 924659
-348843 -964150
995051 -122418
-758566 744062
-425997 941172
-388270 -954046
66471 999151
-299025 973187
-867500 598581
247506 983842
195323 -988620
-929830 464308
-32056 -999842
995832 138895
598235 872765
593660 875236
928346 478239
998030 100424
265820 -978230
818112 -665789
180955 -990259
799911 706321
-945664 -412237
953396 -375699
-998153 -77570
193437 -988843
-999019 68291
-105593 996761
-328155 -968784
989867 -178835
500537 -911246
-327097 967442
774645 -719467
509714 -907292
-371435 -958565
998707 -55274
-977444 -276424
830347 -648630
995325 -118702
798825 -690859
-599793 865802
-293799 974181
689952 813058
-854713 -617750
983943 -226187
-998107 -78655
739492 771015
-715122 -783818
444453 -932847
-324502 968000
252071 983169
273476 -976876
-755147 -745886
-806559 689353
-726285 775017
-887669 -558467
-206410 -988744
987513 -199104
54232 999474
624055 -846692
204039 989498
206514 989214
680428 -807462
765573 745165
-837553 -644470
583071 880789
713907 -779844
302232 -971374
528297 -898922
-377778 955198
965893 -325146
921321 496768
840924 651511
-29784 999686
-697943 -798423
89532 998326
-427360 -942448
-708436 -789599
-942528 427486
-714451 785390
949127 415194
-27250 999731
702763 802974
-264493 979381
-741651 760784
-999892 -1710
-322937 -969891
-936896 444375
17314 999980
248354 -981167
998285 94765
-666151 823159
980489 -249233
729798 -765360
138471 995505
147508 994845
180550 -990303
-408058 -948381
918115 -482350
-835174 -647998
-940423 -429096
-19000 999850
572967 -876546
781931 727366
766443 -728497
267405 -977953
-656304 830095
-613712 -858388
-950071 -397145
-781088 719848
-518398 906965
215777 988104
497623 919485
752857 -742799
722952 -771711
422136 945529
-94971 997351
-998796 75118
-490928 -919505
-195378 988995
-986214 -219313
170076 992973
967699 342413
-288430 -976609
-812257 -679959
-305597 971903
861015 620168
421749 -940437
554891 894718
-977611 285722
-974122 304345
529172 -898515
668926 -816157
-66216 -999083
-770372 -729905
-957737 -368770
999319 65586
999908 -3089
129471 -994943
896002 -533670
-131902 -995730
794676 -695968
787129 721446
966144 349406
-980851 266591
986980 -203394
-725175 776011
-534472 -900547
-935870 -442918
-975025 -289926
-931589 459472
-550015 892349
-713373 786308
-977260 -277472
-935770 447652
-844411 636373
-228209 984853
-101247 -997618
777632 -716098
969571 -308369
-996692 -106631
873602 -578393
912442 -496340
999976 24317
514715 912585
-785523 714793
933189 -441580
-920826 487921
308503 973455
-55174 -999398
-720138 780469
-390840 -953331
253513 -980323
-969752 -316910
942670 -412584
805569 -682365
-999750 -17737
-578970 -878347
893046 -539940
-995507 -125240
777143 732704
159917 993854
-599530 865954
-574811 -880572
-698848 -797675
92017 -997320
886078 -554263
545042 -890922
969686 333147
-457589 -932198
940432 -419707
-894889 -543771
825764 -655195
-672912 -818214
103893 997647
-718900 781552
-341865 -965754
-623704 851447
943049 435196
-961613 -353224
703357 -788967
-996577 -108595
474303 -921874
-115976 996100
-940030 -430324
763191 -731991
-991595 -171906
-734948 -765761
