100
224316 432004
901158 81121
896349 62005
956569 829380
198081 436893
51243 105363
373120 223009
916212 896738
884356 606185
371493 870112
725783 292478
95996 174661
756918 286389
179970 204608
20377 371601
483542 292574
816513 345129
347339 344266
415473 733206
609862 782323
594861 186329
372818 33365
261367 810688
829703 417858
462736 348339
792644 84675
653616 85280
336892 289910
914477 292680
592267 635663
612492 889744
770748 772524
184523 169786
954304 949842
640227 577749
725214 356276
347298 406586
101465 695897
955911 90152
959328 485675
330866 917397
638277 380326
614392 128504
138361 288627
581554 427179
331176 327534
220134 627142
393361 866945
904279 578164
349712 570047
144457 340258
35826 430127
559102 582726
916603 800241
741854 419739
785459 628782
29108 308200
964566 985051
609298 240241
339747 571262
916985 37208
746034 138127
947148 171237
744125 618268
782780 560107
361544 766155
160026 20328
585175 306328
751588 753298
697555 726015
265680 51048
18191 301733
325333 581323
476344 551788
261563 138081
254263 713471
546586 263074
935527 617969
338094 99864
945506 183497
326642 395235
941683 946911
218009 342049
574647 393016
893801 21845
783873 782159
31212 305845
781557 593356
167540 959224
741441 886450
744995 858226
137916 320795
538076 74046
792832 787956
295017 916102
576181 388640
80907 902683
2494 317633
317909 510179
797034 581883
