100
562167 884665
999663 14867
720396 771965
869062 595877
553878 888774
986575 236028
238168 982848
211251 987054
124257 995562
726564 772097
718951 780639
795898 703689
827812 649954
313768 970960
544646 893412
698982 792462
578590 870511
995070 151280
997667 103176
940393 433357
978491 256500
985365 235421
944328 418520
767643 726830
313758 968890
974448 278624
963833 358268
579709 875630
493901 915708
698918 789926
520750 904702
327086 967999
988986 197741
82844 998096
671801 818119
189207 989432
758505 742250
837104 642569
989058 205551
500116 913078
812081 681045
250280 981505
682921 809815
839368 639366
885158 566376
698391 790351
969669 333117
697568 798420
999898 32021
582570 873547
901907 531890
856187 604924
727613 765620
556173 886834
593084 862276
999816 33057
400610 946026
987460 229267
246083 983310
991938 189119
276759 977762
929263 446565
853490 618525
933490 434415
414061 944392
413682 944509
970444 320581
875463 582552
993650 151320
992023 155050
999468 60000
497689 914744
684644 801137
601918 857095
927766 450754
109110 996608
771379 730835
981868 268364
424668 938320
991862 156662
701350 790505
993076 157953
973535 299750
429199 936787
977524 284885
597653 864947
673718 816710
850245 626824
538799 895421
993535 152710
90120 998295
973154 301729
811193 682189
982922 261561
868496 600554
620929 845453
590608 869733
325000 968445
11828 999903
164347 992069
