100
262358 981136
900802 530945
930067 475246
921081 484555
604498 866342
871322 578013
690279 808284
899043 521595
615552 853009
545223 890929
973301 316662
948549 402568
948003 385459
973719 297569
986586 235159
878688 563942
986323 237186
106589 997321
997300 89362
904194 523586
801730 709011
336390 972576
689255 799440
836818 636127
503939 914957
901385 516320
396390 949887
443053 934584
969510 297878
999841 10906
995668 117129
624738 847405
692586 816923
908020 515042
528060 899929
221546 985187
973110 300778
584488 870763
287915 976833
750590 743594
626465 844952
860039 608029
585836 876593
208034 988570
724413 790118
849182 616728
890097 569013
740757 753488
652097 836504
340078 964913
851984 622498
405793 947005
931240 471986
625631 864243
721028 793112
937706 419585
842104 653116
986454 236180
743697 750578
676252 819091
949175 416735
655812 833926
830748 669823
959837 377392
608726 857049
728019 775744
711262 790827
998999 48202
111290 997074
866669 612955
653611 845907
373224 953898
998783 54575
641824 836472
371768 965217
999743 34340
958822 381458
996077 133015
511770 921673
403792 957367
780440 734250
974490 293459
953365 388600
991284 193510
921868 465696
310603 977231
838693 633258
246848 983226
581236 879036
718161 778354
837099 645837
744363 749909
552125 893660
166159 993044
567761 885981
549584 905247
970769 312793
340587 962370
633873 859019
700098 810817
