100
852629 615830
205180 986850
128106 995272
10810 999939
271846 977616
213528 985773
6408 999873
884004 566482
33691 999489
903698 519032
882435 574143
785404 720867
828925 652362
926182 486486
656717 826438
970344 303654
971879 324889
521719 903294
774058 733224
137202 993993
459020 928739
84401 998075
335842 965094
855864 618994
996014 106827
222701 985808
278795 977726
252535 981447
988703 206967
243723 983339
630393 851311
131904 995129
713969 781639
996196 121414
996112 124669
996151 124064
999911 4248
998971 46855
979764 280339
217975 986937
692876 807013
760331 738586
49538 999086
973003 290238
853178 619182
426898 943007
306771 972603
937325 455677
716112 781079
877859 590501
717182 787047
998739 66275
788537 707305
996721 112444
895194 550045
870705 585204
992995 144137
935156 448522
692579 807247
902938 541318
969889 334827
814921 674443
422378 940806
211064 986914
990462 190948
948763 392729
757706 741313
995557 132995
495944 914488
76027 998091
931453 464675
946327 427677
749530 750832
479826 920399
394073 949597
651858 837226
745076 762105
980595 267395
991867 156176
957067 389807
762535 737763
449906 935604
999850 29773
506824 909671
964360 346648
645336 834146
559956 885366
615623 853093
235438 984019
999088 59483
712569 782868
450635 935357
598985 864308
757082 741958
503991 910841
622939 849153
229114 983599
965775 354072
931082 448435
269526 977065
