100
891755 536840
485202 924527
607837 856216
659420 820627
814910 683702
203973 989108
697377 805055
203538 985284
254034 980344
869418 579898
622139 845468
961748 364868
927146 459328
417813 937820
724072 782516
907452 508363
918704 481336
237732 980311
786787 704122
281649 976830
878538 563398
959570 343021
982998 257696
933763 431619
626527 842683
989834 190497
971271 302924
999375 36398
818183 664119
843245 622548
262965 982110
693999 793869
164674 989977
806238 694772
435787 936174
786305 697406
916230 505323
951573 377596
996104 103157
917561 484212
955865 367876
981219 269228
299476 975881
567425 888394
509755 907376
250024 982450
132329 993134
841910 646205
717635 772651
933889 440721
723164 767452
928610 448817
863858 587435
669590 807719
462356 921871
481417 918158
877121 587988
654470 824086
225057 987525
598158 855709
970698 305663
821796 674633
991826 156366
721469 769053
983673 218870
996295 101043
978607 251426
783082 722681
987270 197173
960897 341956
962746 360793
999856 10628
258838 976819
631413 834726
988276 188884
190163 991570
992108 150101
213678 983903
716175 775953
416104 947722
141518 995470
999283 39634
999733 45528
867261 605637
563488 879690
951121 379203
23270 999424
877666 562169
529122 896970
679375 819021
924759 459241
352421 956696
232988 983565
878639 563207
983034 228767
460847 922453
831092 640321
929050 445144
782038 705059
362186 958447
