300 20
15
-8754 -193031179
-39170 -863734395
-4489 -98983664
-22410 -494159635
-26263 -579122138
-31573 -696212948
23830 525478605
16424 362168899
-37443 -825652318
37742 832252117
-13975 -308159450
-12040 -265490765
38673 852781598
1490 32859265
-10390 -229106615
15
709575755 16671
-701505973 -16481
-230067109 -5405
293470091 6895
141729431 3330
-720659773 -16931
-310725889 -7300
-287187997 -6747
-691248049 -16240
-971191477 -22817
492584483 11573
680504543 15988
690507083 16223
390260627 9169
678844547 15949
15
-14145 -508506423
4742 170462340
8086 290675796
20631 741656001
-23711 -852394557
16463 591820569
19560 703154622
-2354 -84631764
-22218 -798722700
-1054 -37898064
-9891 -355579377
-18229 -655322139
24161 868555971
-21593 -776254575
10929 392878803
15
-747759018 -24356
-867124506 -28244
420475434 13696
-876549713 -28551
31616568 1030
-297958667 -9705
962870001 31363
95628153 3115
-995823098 -32436
386121015 12577
-179452807 -5845
844886058 27520
-591061114 -19252
338104651 11013
-54254129 -1767
15
-12996 -337082468
-31741 -823290278
6717 174233326
-33294 -863571992
-32581 -845078198
38168 990009364
11378 295130344
26955 699166570
-11075 -287255570
5312 137790436
37646 976469728
-36781 -954017798
-19149 -496678982
8501 220506718
23509 609784222
15
-478967837 -7326
797511283 12198
-604824337 -9251
984759603 15062
840662083 12858
519711663 7949
301996263 4619
-941988997 -14408
-610185497 -9333
-749444897 -11463
-321205897 -4913
731935143 11195
831705023 12721
-949115417 -14517
596598543 9125
15
459121209 5612
825470867 10090
-696540977 -8514
-576278807 -7044
79927224 977
896482815 10958
-692041372 -8459
117560284 1437
921680603 11266
-746200254 -9121
-230872765 -2822
-436300186 -5333
468938529 5732
353012342 4315
800191268 9781
15
9291 796415970
-9248 -792747110
991 84939970
10981 941282770
7268 623004410
7795 668178850
4669 400218130
11012 943940090
1061 90940370
6882 589916490
-828 -70984710
9343 800873410
-5707 -489212590
-1826 -156533270
9072 777643290
15
35485 559626205
-36136 -569908586
-5715 -90138995
-45913 -724101653
-9728 -153428018
-47394 -747458504
-49649 -783022109
-58294 -919362404
-45970 -725000600
6482 102219892
54543 860189923
-29171 -460063571
16637 262374397
7644 120545794
-17056 -268997906
15
-13011 -990311659
-12074 -918992841
11528 877449787
5380 409500915
4524 344347331
11377 865956573
12322 937884303
-3314 -252234201
-11524 -877130141
-12698 -966487977
4967 378065833
-9277 -706101983
6555 498934865
8970 682750175
12841 977387469
15
909626117 9696
710456872 7573
-481275073 -5130
-268315023 -2860
-66049883 -704
42775517 456
601350027 6410
584369512 6229
365030042 3891
119516187 1274
616548057 6572
561384837 5984
777253152 8285
-840492708 -8959
-403596253 -4302
15
-13583 -852511501
-15362 -964166878
13977 877236779
2891 181446161
-5943 -373002181
-7493 -470284831
3963 248728097
-2128 -133561336
4622 290088914
4841 303834011
7934 497959970
14763 926568497
-3987 -250237753
-11378 -714119086
-10735 -673762477
15
-120373407 -3813
895263857 28360
-322787423 -10225
-213214895 -6754
-187992063 -5955
-542374431 -17181
892738417 28280
-247813423 -7850
51419649 1629
405928289 12859
421838561 13363
-602258927 -19078
-656303343 -20790
541228737 17145
169704945 5376
15
741382432 18651
595539682 14982
-606222068 -15251
392218432 9867
254921932 6413
-843768068 -21227
771870682 19418
741938932 18665
-170204318 -4282
717134932 18041
-329403068 -8287
-433309568 -10901
-645852818 -16248
-557011568 -14013
-21817568 -549
15
-61156 -267869718
-153486 -672275118
-142744 -625225158
149446 654567042
55262 242041122
-67602 -296103198
183183 802335102
-105711 -463020618
167078 731795202
185012 810346122
-217679 -953440458
-59035 -258579738
-214983 -941631978
-111840 -489865638
162580 712093962
15
590888531 35250
835846250 49863
-689989062 -41161
-573469449 -34210
656331283 39154
-231755694 -13825
-236885172 -14131
-265097301 -15814
-336021554 -20045
-757862449 -45210
988473365 58968
-978949656 -58399
-143498499 -8560
562961373 33584
-126266135 -7532
15
8616 771691393
-2957 -264832779
-10625 -951609531
-5060 -453185871
10769 964522685
3005 269147789
-8926 -799440295
4309 385939245
-8718 -780810983
-6407 -573828579
442 39595257
2743 245682021
10592 948669857
9880 884900289
2310 206900809
15
-2074 -137113425
-14612 -965962991
5889 389296616
-6479 -428314760
-1364 -90177455
2255 149063778
465 30732248
-2695 -178165872
-12185 -805521302
11633 769015224
7255 479598778
5369 354920976
-2357 -155821706
-2329 -153970710
-10967 -725002976
15
807329401 12149
194433382 2926
825271711 12419
-256583129 -3861
-4859165 -73
850058680 12792
929270656 13984
758885164 11420
758685805 11417
-256716035 -3863
398178280 5992
125455168 1888
562649455 8467
-120022214 -1806
425224651 6399
15
57274856 1514
-138407764 -3658
241606976 6386
107935921 2853
-570256454 -15072
222311126 5876
800694771 21163
-591065704 -15622
535471421 14153
-217407244 -5746
107595406 2844
179519741 4745
957293836 25302
-953714179 -25207
-500223869 -13221
