300 20
15
-349003460 -25139
411479514 29639
-204536962 -14733
-893425305 -64354
-655901058 -47245
456599264 32889
421863998 30387
5290700 381
-363025290 -26149
298083170 21471
77926556 5613
236484299 17034
-924509342 -66593
801605697 57740
-398315876 -28691
15
-10791 -823368768
9614 733553137
-618 -47158695
-2410 -183890087
-5628 -429426705
9009 687391032
4941 376998564
8102 618186025
-6788 -517935865
-9242 -705178519
-9193 -701439770
542 41350465
-5476 -417828953
6572 501445495
11577 883332000
15
-24414 -959060884
14052 551998994
25377 996878969
6383 250737667
-3704 -145509954
20206 793746576
10685 419733133
24342 956221064
-10934 -429526044
-4423 -173754431
939 36881015
-3141 -123393625
-18003 -707217571
-10952 -430233138
3937 154651449
15
423192415 133040
-413900459 -130114
-298490598 -93833
-900214920 -282995
-198355899 -62354
463740622 145787
957037378 300863
383105453 120438
785899578 247063
-85723051 -26946
798954402 251167
-27545742 -8657
-580320836 -182431
-488711217 -153632
-971205297 -305312
15
-12307 -702612827
-6140 -350538797
7811 445923793
4154 237145663
8096 462194443
-16456 -939479237
-6361 -363155687
-2111 -120523187
220 12553603
-1157 -66059327
4003 228525073
6543 373533673
-5640 -321993797
9266 528989743
-7656 -437087237
15
934869363 24622
466901438 12297
-247827018 -6527
-938407190 -24715
-219881834 -5791
662251943 17442
182247845 4800
641748683 16902
-383566193 -10102
867664233 22852
-334738059 -8816
944399582 24873
677363605 17840
-708922554 -18671
-714200245 -18810
15
381393776 6148
807215744 13012
291254015 4695
321776219 5187
291564200 4700
-964188754 -15542
-150821647 -2431
-909348046 -14658
459560396 7408
494425190 7970
-424777039 -6847
215072579 3467
-425955742 -6866
396344693 6389
-903330457 -14561
15
-520494835 -14600
-339352104 -9519
-291686717 -8182
322152201 9036
579944582 16267
326965086 9171
351956437 9872
-246481249 -6914
526289827 14762
330744092 9277
-779927162 -21877
-43662710 -1225
-297034367 -8332
-974510320 -27335
729678782 20467
15
124553612 1489
-657183673 -7856
-934493368 -11171
176920390 2115
531358151 6352
-360299176 -4307
96278898 1151
611748684 7313
-268950100 -3215
737395490 8815
-580808484 -6943
-487033471 -5822
-830429036 -9927
-964859407 -11534
-747445260 -8935
15
5930 351149780
-8090 -479044520
11609 687431765
-3503 -207425315
13058 773234300
5084 301053890
-3499 -207188455
16687 988125535
-5907 -349778175
-14824 -877798330
12592 745640110
-11817 -699738825
-2803 -165974815
12028 712242850
2646 156687720
15
9233561 441
-595249839 -28454
-933714519 -44633
768838761 36751
356463721 17039
-546840959 -26140
-288039639 -13769
-285152679 -13631
-817420239 -39074
589742641 28190
345480721 16514
456314881 21812
712647641 34065
156468521 7479
-744430359 -35585
15
12832 329788053
-34312 -881859891
18118 465643539
26879 690810000
8817 226598538
-4612 -118540191
25525 656010846
17307 444800028
-31246 -803060625
-21787 -559954866
146 3745167
-9584 -246325563
25098 645036519
-9430 -242367609
-31913 -820203192
15
-819880373 -15744
192268763 3692
701207511 13465
207370803 3982
212526327 4081
-368641833 -7079
835980199 16053
591431303 11357
33020355 634
-135393429 -2600
424319419 8148
685324331 13160
652203995 12524
-781604513 -15009
395729695 7599
15
-231501964 -4385
147227844 2789
107792220 2042
-835020108 -15817
-712120332 -13489
-969375748 -18362
-70961492 -1344
352324764 6674
-195181068 -3697
-166990140 -3163
-846264804 -16030
401474116 7605
-597192148 -11312
-595766764 -11285
-345374308 -6542
15
13050 488481040
-387 -14479307
-14344 -536903774
6135 229645675
5457 204267457
-3330 -124638740
-12307 -460656827
7327 274263427
24888 931589218
16163 605003743
-24677 -923678297
-12517 -468517337
-16029 -599975009
-13241 -495617381
-17045 -638004905
15
543346351 7039
597997579 7747
-550990456 -7138
-564807645 -7317
-363956663 -4715
802399347 10395
-598926067 -7759
87456305 1133
829570579 10747
-648405498 -8400
470864002 6100
907224725 11753
879976302 11400
394599294 5112
923434835 11963
15
-698 -63953322
7647 700732408
-2442 -223763018
-6635 -607984380
9883 905626032
4426 405579294
-3830 -350951010
-1928 -176663142
8119 743983656
4104 376073146
-7274 -666538506
1162 106485918
-8271 -757897604
-2519 -230818836
-1894 -173547586
15
-9817 -836434179
1415 120554685
-10514 -895819973
-2575 -219401295
-10239 -872389423
-4736 -403522817
8382 714157019
-3621 -308522587
6781 577748617
7498 638838451
-5058 -430957861
-8217 -700110979
-5428 -462482601
-6660 -567451465
9656 822704367
15
5851 569802688
5129 499489274
-1891 -184167466
9713 945911282
-293 -28543040
-7224 -703532337
3871 376976428
-3404 -331513997
2883 280758072
5144 500950079
5272 513415615
-5978 -582188135
2059 200511184
8660 843362771
-1806 -175889571
15
-213422113 -11858
-300478439 -16695
-192004493 -10668
-551514543 -30643
817269353 45409
-258885061 -14384
-991115693 -55068
-345617423 -19203
-461740519 -25655
237967727 13222
346423675 19248
62847187 3492
704007939 39116
551240915 30628
595012051 33060
