300 20
15
7838 521754123
-115 -7653228
12704 845669145
13155 875690862
-14911 -992578560
8093 538728708
1039 69165090
-9266 -616807845
14443 961429158
-12384 -824363751
1699 113099310
3361 223733664
-11835 -787818468
7205 479617212
12278 817311603
15
348668274 3948
459767286 5206
-700678674 -7934
544901982 6170
478048284 5413
913966188 10349
86817264 983
-371002512 -4201
924652182 10470
-955994448 -10825
-354134538 -4010
332506812 3765
875284656 9911
46811022 530
-857347710 -9708
15
80490 580177606
-88433 -637419378
39021 281269054
-9341 -67324242
-83351 -600788322
-106767 -769570850
-11705 -84363954
28024 202002678
-9885 -71245394
81189 585215998
40399 291201678
20878 150494310
-68769 -495681266
-134183 -967185378
-60956 -439365162
15
-7575 -532131032
2543 178648350
-6805 -478039302
-4196 -294759661
-4249 -298482858
2758 193751885
-6362 -446918995
-12271 -862020336
-10684 -750535173
-10816 -759808041
10345 726731048
-4158 -292090199
777 54588616
8352 586724791
10167 714226726
15
806856569 374584
903433313 419420
-106008631 -49216
-449257147 -208570
416248055 193243
292414595 135753
-708458737 -328905
-778002781 -361191
-661626469 -307163
-125961133 -58479
-319808209 -148473
859571411 399057
999277697 463916
-874405051 -405946
55313045 25678
15
-158123806 -2659
916897307 15418
-502984537 -8458
-22534486 -379
-452852170 -7615
898045634 15101
843334154 14181
-564772828 -9497
-565010704 -9501
-160145752 -2693
-388387774 -6531
841787960 14155
-988251577 -16618
512864921 8624
505669172 8503
15
-442850537 -27522
60797763 3778
328986460 20445
-720066285 -44750
743603257 46212
903048976 56121
-299994639 -18644
213871446 13291
-165377333 -10278
-262631337 -16322
9564019 594
273231145 16980
-244512871 -15196
-960095732 -59667
-427145721 -26546
15
838 18761749
-35143 -786924803
43725 979087453
25798 577666069
9192 205824517
35759 800712781
-15803 -353863523
-11670 -261317387
24421 546832285
16032 358985797
38827 869411437
33411 748136365
-20209 -452522675
-31127 -696998531
37217 833360317
15
-868939897 -46889
269091691 14520
294943831 15915
-291056541 -15706
-547409697 -29539
883149511 47655
-578691713 -31227
185308519 9999
-248507069 -13410
-520983065 -28113
727944011 39280
-462533137 -24959
-181217377 -9779
-363627853 -19622
749478195 40442
15
587232127 8800
909204377 13625
816382947 12234
257852847 3864
-326101383 -4887
-843125423 -12635
-976118313 -14628
872102497 13069
-986261273 -14780
189921707 2846
-969712233 -14532
-316225343 -4739
-635461663 -9523
-713335573 -10690
202533677 3035
15
-20304 -803845171
22837 904107019
16015 634024039
-24268 -960779931
-17787 -704197141
20344 805409149
21757 861349819
-23115 -915132661
-16382 -648573191
5317 210490219
-19816 -784525251
-5287 -209322141
-8370 -331378111
-831 -32909101
-19181 -759385601
15
-964842979 -10104
-304897767 -3193
-798113947 -8358
-879186655 -9207
-281979687 -2953
-161086815 -1687
125293693 1312
-580869647 -6083
267672265 2803
-986042203 -10326
632738181 6626
-172450363 -1806
-472104259 -4944
430008665 4503
932392077 9764
15
-7691 -553466767
8957 644556609
6808 489910271
1604 115420023
10797 776966689
-13068 -940406441
-2272 -163504689
10668 767683591
-6072 -436960289
-5843 -420480991
-12153 -874561211
13749 989398513
8418 605769091
6332 455656359
-3594 -258638453
15
428973261 7429
646140923 11190
-94457969 -1636
-367346661 -6362
839576623 14540
850778571 14734
124846147 2162
102557735 1776
115549685 2001
-727714483 -12603
-615406293 -10658
23162485 401
987915821 17109
-404243799 -7001
-981086379 -16991
15
876180637 35344
-84853293 -3423
494935227 19965
-230965553 -9317
31510967 1271
236673007 9547
166715627 6725
383355437 15464
246291527 9935
-802151943 -32358
-40503983 -1634
853621737 34434
647220197 26108
649476087 26199
640328577 25830
15
-740841933 -15693
237186920 5024
858410151 18183
221466323 4691
905875 19
-543885985 -11521
256306565 5429
316309204 6700
-966642580 -20476
-892524450 -18906
438910977 9297
-730975252 -15484
151408167 3207
569349444 12060
665655804 14100
15
-836426400 -26363
-430574616 -13571
848118665 26732
959448708 30241
-985606754 -31065
44791025 1412
367391161 11580
-267117112 -8419
414188486 13055
513811266 16195
-186149808 -5867
-697715956 -21991
740342046 23335
962367592 30333
-978944084 -30855
15
-59161628 -605
-231193587 -2364
-353249235 -3612
-945825494 -9671
-359117295 -3672
-944260678 -9655
-868856107 -8884
795716913 8136
-245374732 -2509
127638282 1305
925987845 9468
-385327963 -3940
632682646 6469
578989897 5920
487839365 4988
15
-11901103 -191
936487574 15040
-389986327 -6263
-365266328 -5866
-754372811 -12115
-637933521 -10245
597817361 9601
-930837489 -14949
-405553077 -6513
-311778975 -5007
953050596 15306
-722243039 -11599
-737000318 -11836
-172238628 -2766
-542104608 -8706
15
668801259 67940
-193001565 -19606
523553039 53185
924262903 93891
392047043 39826
-581219393 -59043
-531684385 -54011
-482907365 -49056
-141094153 -14333
-386524761 -39265
822761419 83580
584339739 59360
351617735 35719
-350830417 -35639
556776539 56560
