300 20
15
28012 905954992
11997 387997862
-8325 -269256262
-18165 -587501542
11008 356011624
26113 844537534
-5220 -168834352
4785 154747358
11060 357693408
-21798 -705000028
-20946 -677444644
-13415 -433877042
-2145 -69382702
-28724 -929000720
5461 176610550
15
584493270 6754
-195232130 -2256
-259617890 -3000
-799367870 -9237
-279781710 -3233
196188290 2267
279785930 3233
462471870 5344
222496450 2571
605955190 7002
972798250 11241
875873450 10121
842209390 9732
106532850 1231
-856397730 -9896
15
104274 904159520
-73637 -638506761
89265 774016481
-39703 -344265047
33051 286584887
-5617 -48705341
28392 246186698
29652 257112158
32738 283870864
45584 395258530
59689 517562985
-94530 -819669964
-67797 -587868121
25188 218404814
55662 482644868
15
-8339 -612031321
-9118 -669206026
5850 429370334
8809 646546139
9211 676050929
2192 160891424
-4728 -347001976
10172 746583524
-6896 -506122336
-11304 -829647496
-7319 -537168421
6774 497187314
-9998 -733793626
13167 966401549
10643 781152569
15
30140 734310066
34824 848426358
40754 992898948
-19603 -477578643
-28272 -688781490
-36659 -893113971
7225 176031921
25624 624286758
2184 53218038
-28632 -697552170
37621 916569669
23995 584599431
26161 637369689
37538 914547540
29899 728438583
15
905763052 9728
-202885811 -2179
-876715644 -9416
897476351 9639
266849094 2866
-69833050 -750
-954647877 -10253
-939843546 -10094
579509116 6224
-509214421 -5469
-679231455 -7295
452415331 4859
267593966 2874
400646727 4303
-698877454 -7506
15
711191579 25010
230395691 8102
374992751 13187
546859935 19231
710338499 24980
-518978217 -18251
-812921149 -28588
-514485329 -18093
805286303 28319
-9689457 -341
844670163 29704
-6191829 -218
844556419 29700
824025627 28978
-906276537 -31871
15
-325376062 -8973
-455737952 -12568
172102316 4746
521885568 14392
-63745732 -1758
-782784930 -21587
-586317414 -16169
-743694494 -20509
765457422 21109
-760229966 -20965
-256188166 -7065
-405841440 -11192
137327058 3787
-894145532 -24658
-797978708 -22006
15
-347096564 -4248
-766590570 -9382
229360431 2807
539282668 6600
-363520073 -4449
-783259206 -9586
844956037 10341
-483387176 -5916
-350119797 -4285
366141297 4481
-113817369 -1393
5232644 64
-547692159 -6703
-425618913 -5209
307474235 3763
15
-3803 -371843689
7750 757739333
-6486 -634171331
-4478 -437841139
-1050 -102671867
5949 581648359
7290 712763293
-4902 -479297315
-8692 -849860775
7939 776218619
-8572 -838127895
-1476 -144323591
-9870 -965038547
-7901 -772521541
-4209 -411539933
15
-587467405 -2554163
-252478385 -1097689
-174132335 -757054
-559577835 -2432904
498245065 2166326
-721343735 -3136234
587524395 2554497
439857265 1912466
301925575 1312763
189108275 822253
-519704805 -2259543
241006855 1047899
-791280295 -3440306
733053675 3187233
-161012445 -700011
15
-2488 -94044297
-7695 -290863690
-16212 -612797773
-12739 -481521846
10629 401765186
-4258 -160948527
-1975 -74653410
25071 947658344
13607 514330608
7416 280316999
-10671 -403353514
-23077 -872287908
-21186 -800809999
-18080 -683406305
-266 -10054919
15
163302319 1705
-521098685 -5441
-407510721 -4255
-643976727 -6724
5849863 61
583941727 6097
285988813 2986
-785434925 -8201
281678983 2941
-773654723 -8078
544770161 5688
197589411 2063
-273714443 -2858
71359279 745
233408887 2437
15
-136169444 -3097
651948836 14827
-452533594 -10292
809977016 18421
562645766 12796
555522626 12634
-743263234 -16904
820837606 18668
973325566 22136
-100597714 -2288
741076026 16854
419215626 9534
-191747524 -4361
-221910944 -5047
-804117714 -18288
15
789365229 8861
183073137 2055
-427316727 -4797
-59942559 -673
-704718075 -7911
731729175 8214
830521113 9323
-896333457 -10062
-870232431 -9769
-477826221 -5364
-79807845 -896
-55933869 -628
716228907 8040
733510815 8234
-982030341 -11024
15
20806 510833179
-31284 -768080501
8726 214245019
15229 373906675
-15762 -386984357
-24555 -602870093
24400 599073067
14542 357039451
-26208 -643454549
2767 67939651
-17340 -425727413
38825 953235667
-5899 -144827981
15183 372777283
5149 126422515
15
-283018245 -11165
-281041023 -11087
691270570 27270
546172894 21546
996649973 39317
40663136 1604
362570087 14303
376816225 14865
106114254 4186
-922193280 -36380
-483478137 -19073
-964779600 -38060
609241206 24034
-915120909 -36101
804504553 31737
15
254804813 11809
-760500922 -35246
-312066131 -14463
223280816 10348
-296530691 -13743
-350430037 -16241
256811474 11902
-985915841 -45693
-305485146 -14158
-472167471 -21883
650311223 30139
-455380565 -21105
755952215 35035
-596148913 -27629
-781970037 -36241
15
-14280 -546976250
17283 661981339
-4636 -177582118
-24472 -937360426
7769 297566597
-559 -21420787
-7650 -293027360
-12038 -461100924
19473 745864909
-16535 -633349515
-16882 -646640656
-11970 -458496320
-5196 -199031798
17701 677991993
-5474 -209680032
15
-930625354 -24024
-491425248 -12686
-184628208 -4766
982091495 25353
-187843379 -4849
-594891775 -15357
394257520 10178
802545500 20718
908374984 23450
312406239 8065
131698134 3400
573067512 14794
700667190 18088
228308212 5894
387052438 9992
