10 100
1000
1 54 9819 1668
1 81 3777 20940
1 16 30269 2050
1 31 13427 23725
1 32 6599 8628
1 31 30793 12521
2 36 2162 4829
2 47 20876 12568
2 12 21693 4061
2 31 11742 18950
2 101 15898 28870
2 92 21119 18351
2 77 18266 2818
2 85 36379 7941
2 9 35124 15690
2 80 40246 10253
2 46 9197 21007
3 73 8500 10095
3 10 38260 24028
3 111 14035 504
3 89 35952 26177
3 82 34454 24428
3 21 10974 14124
3 9 9139 20513
3 46 7935 10168
3 84 16872 25264
4 18 11887 27756
4 62 14871 12897
4 83 14822 10374
4 50 20701 28432
4 34 4917 14921
4 47 20959 25943
4 84 23220 26379
4 21 25540 2624
4 10 12893 9692
4 71 22418 915
5 37 35913 19812
5 19 7125 19511
5 23 30558 2090
5 4 33128 19805
5 74 21680 30037
5 2 36515 14057
5 27 21079 28940
6 68 30496 19832
6 38 35368 29044
6 28 23691 18324
6 72 10706 25339
6 39 3930 10013
6 92 7072 16173
6 88 14408 28800
6 9 2584 27748
6 50 26552 28403
7 109 10669 20247
7 65 30346 20024
7 11 12600 14116
7 33 20054 11699
7 59 27772 9772
7 64 27454 347
7 42 9239 21634
7 10 16831 27235
7 85 31858 25638
7 88 30294 8000
7 102 23065 19180
8 78 32427 19731
8 52 35879 10468
8 91 4138 8672
8 71 16633 12214
8 50 2175 2307
8 111 34574 20847
9 44 10695 29613
9 111 30267 19181
9 46 34658 10027
9 48 40083 13554
9 108 1967 20624
9 25 13656 28027
9 26 31987 7250
9 100 19934 23960
9 109 16723 15423
9 100 18951 5548
9 73 38019 15241
10 21 3921 11936
10 56 12756 15324
10 110 4447 25353
10 18 24634 7651
10 72 7927 17257
11 107 23534 17358
11 75 36241 7257
11 72 16915 20784
11 26 9184 21744
11 69 3027 29086
11 3 19204 16755
11 16 25942 20051
11 104 36869 4028
11 54 5842 18677
11 52 38688 12682
11 39 6330 29287
11 89 13088 23423
11 94 19880 738
12 94 17528 7273
12 57 8678 13024
12 64 2989 14530
12 28 16523 23848
12 110 28866 24453
12 13 30253 15212
12 83 27888 7344
12 66 22280 15922
12 8 34338 254
12 61 39521 24317
12 42 35701 28850
13 65 35368 20412
13 91 37496 3497
13 56 38607 25415
13 71 32447 24860
13 41 11609 20261
13 42 19653 29461
13 1 30217 24618
14 39 22253 10706
14 43 39063 18073
14 41 21225 18358
14 103 23104 22056
14 19 31344 12105
14 61 26857 503
14 34 19154 10971
14 84 8839 19081
14 39 14617 25438
14 48 37917 11303
14 24 40364 693
14 56 21388 28885
15 49 9847 7774
15 27 3567 16809
15 82 25341 6237
15 12 13346 18354
15 51 18739 8450
15 17 13324 26892
15 35 30948 4783
16 88 19915 18401
16 61 15457 25620
16 67 18067 18588
16 29 38913 21316
16 98 16085 2168
16 34 7861 22173
16 83 33294 17856
16 29 36619 23154
16 75 979 4962
16 78 21648 6618
17 25 18691 11349
17 40 35992 29923
17 14 9828 8417
17 95 32340 17426
17 15 7311 24511
17 7 14456 23712
18 52 702 1173
18 20 28450 25886
18 92 22385 21894
18 84 5669 22889
18 44 29198 3079
18 26 14296 8339
19 93 1508 18906
19 55 38997 13212
19 13 11223 21848
19 46 9088 25765
19 20 14364 19053
19 15 40275 4514
19 102 26839 28414
19 41 5777 11670
19 11 27804 25341
19 86 1000 16464
20 68 12924 2632
20 81 4796 2425
20 22 2717 6989
20 66 32862 6086
20 18 28481 24285
20 58 21024 20396
20 89 29250 11935
20 24 4350 26858
21 96 37820 13045
21 98 29008 17111
21 105 30172 27547
21 78 28554 21160
21 76 39129 1528
21 86 10692 14369
22 49 8343 13523
22 52 902 5007
22 104 33395 6968
22 37 37460 12125
22 73 23507 6527
22 59 4013 14703
22 53 20231 301
22 104 31144 13437
22 7 8828 27862
22 39 30353 8977
22 75 35232 18687
22 52 35616 15692
22 81 7934 12356
22 26 27272 22739
22 67 17719 10009
23 110 39992 4196
23 76 31012 21651
23 89 11353 29919
23 86 21260 11192
23 37 27153 28396
23 66 37566 1434
23 67 30047 22187
23 6 20289 6626
23 55 3889 17982
23 78 8594 11013
23 36 7996 18254
23 18 9396 24442
23 72 22345 3799
23 49 35649 11434
23 59 7458 18908
24 62 33599 9002
24 67 15104 20935
24 80 26144 18674
24 32 7978 1731
24 60 38950 11748
24 61 13067 6889
24 92 18689 29054
24 56 11141 322
24 93 11698 16056
24 104 33067 12886
24 30 6149 5811
25 36 21823 21050
25 31 20557 5417
25 40 9563 10757
25 48 31490 8093
25 66 13570 17128
25 59 18205 17944
25 3 36209 17394
25 7 30248 11258
25 22 35530 21362
25 24 511 11311
25 84 12836 3892
25 81 6646 24750
25 37 26392 12467
26 109 6615 5625
26 24 3971 28128
26 57 17219 25420
26 31 30893 29608
26 69 12706 12663
26 89 12200 16457
26 88 11389 18176
26 74 16153 4331
26 36 37841 20448
26 77 14290 5591
27 78 39256 10611
27 58 1096 16869
27 32 38532 14334
27 13 31873 13777
27 36 5622 4423
27 78 27076 7332
27 81 35923 24645
27 38 31524 22958
27 29 9986 4000
28 107 28359 21574
28 45 23562 21792
28 19 14783 25362
28 55 16653 8278
28 22 10174 11284
28 76 11708 9641
28 1 34139 18689
28 52 11726 3735
29 32 5214 22050
29 24 40300 2061
29 18 13641 26836
29 89 33324 16498
30 38 24795 8102
30 28 12527 8095
30 81 37390 9427
30 52 33546 26429
30 50 17057 6604
30 10 30672 28283
30 104 7316 16918
30 103 22455 8514
30 49 28700 998
30 22 21386 18394
30 28 14756 13504
31 68 25834 23499
31 60 2580 5012
31 24 23101 22545
32 58 29796 11432
32 86 9154 24659
32 76 32993 28501
32 92 21592 3463
32 30 26578 9004
32 51 19264 22567
32 100 39708 26924
32 108 2853 9512
32 67 35273 16484
32 92 3006 1907
32 97 6752 14221
32 35 20839 2749
32 41 31553 26453
32 47 36459 9285
32 12 3461 27256
33 69 17417 9804
33 70 18117 11895
33 72 38277 22442
33 108 5633 11357
33 7 22711 23659
33 99 30372 12252
33 106 31876 19874
33 100 6010 8762
33 22 22074 1779
33 77 19839 5047
33 109 38243 9779
33 59 30922 18878
33 2 13057 15082
34 109 39251 15211
34 21 38860 25500
34 51 24104 17724
34 61 9134 19296
34 105 20342 11025
34 53 37995 24336
35 110 26159 29234
35 65 6908 9741
35 38 36540 23726
35 41 36899 24963
35 64 18662 1832
35 61 33433 27088
35 40 23796 18203
36 77 9770 3628
36 49 20624 13894
36 62 18660 11268
36 74 4654 5563
36 89 14325 16009
36 64 6451 22489
36 58 12928 24002
36 77 35293 19050
36 68 15671 12885
36 101 29544 23305
36 97 35575 5976
37 104 22143 2591
37 4 11550 25556
37 28 24469 28169
37 23 1438 21752
37 70 9128 10950
37 79 15204 13701
37 61 8839 17703
37 31 26284 6304
37 102 17832 17321
38 93 12920 8488
38 73 19635 29211
38 35 11578 1221
38 42 1875 10846
38 20 29474 14173
38 81 8909 13744
38 111 20462 24242
38 16 18618 1824
39 110 13775 5056
39 53 10572 17163
39 36 39007 16768
39 81 35565 16148
39 97 13099 28505
39 64 31191 3321
40 56 28878 6092
40 84 38263 3356
40 46 40107 11975
40 76 1570 7950
40 31 32072 9162
40 48 2025 21476
40 7 37700 17407
40 55 33401 24309
40 76 16432 13967
40 17 35834 12234
41 70 39728 188
41 45 831 20249
41 60 15683 9142
41 6 14702 10887
41 40 3698 19976
41 29 30061 15277
41 85 12327 10426
41 10 2235 7945
41 67 17314 1335
42 79 21463 28484
42 85 12449 21472
42 65 8003 10648
42 44 11399 27347
42 94 35196 7077
42 11 20680 27395
42 16 22115 14833
42 90 10135 19791
42 13 917 28590
42 31 6146 10532
42 81 29199 24346
42 99 32879 23409
43 55 10348 8206
43 50 23754 8069
43 106 13059 22990
43 35 21328 21993
43 11 8415 7416
43 100 18883 5286
43 29 24910 18208
43 72 28821 12790
43 70 5335 9611
43 10 39416 12044
43 79 884 17467
44 47 7824 18013
44 91 10229 21720
44 51 3521 15408
44 29 23374 12209
44 9 5841 11846
44 65 22497 25003
44 89 10713 5339
44 74 37148 20091
45 97 8983 24969
45 22 35361 5782
45 107 19051 20561
45 52 3715 5122
45 94 18873 21825
45 6 24573 18940
45 30 38910 23341
45 33 6761 24158
45 7 29852 9915
46 66 26915 18842
46 1 19890 15882
46 67 28564 28968
46 94 11574 18734
46 63 33682 9874
46 37 35978 26247
46 97 10568 24699
46 39 39189 18319
46 5 12766 6644
46 69 28350 1935
47 77 21990 25687
47 108 14739 29664
47 88 9580 26282
47 87 28174 11745
47 43 2884 13367
47 85 21993 19936
47 30 4887 13708
47 97 37597 25368
47 11 2648 429
47 90 30623 26748
48 59 30053 1330
48 78 18769 20480
48 16 27768 20365
48 78 12839 20789
48 54 37683 2308
48 98 9603 23758
48 19 38518 9169
48 31 26142 9556
48 63 35256 17921
48 6 28543 19960
48 50 16911 22973
48 98 21623 2733
49 35 29223 9514
49 14 10760 9238
49 97 6223 8485
49 19 37802 27412
49 52 15009 18810
49 61 5020 13667
49 21 36650 19991
50 109 24848 8054
50 87 11049 21068
50 72 26599 25460
50 106 26289 25713
50 39 25750 13246
50 99 19075 11973
50 70 11317 26895
50 73 25654 26313
50 104 6660 6110
50 82 35020 12356
51 104 30465 11526
51 41 28371 19700
51 42 35495 6708
51 106 38600 6827
51 39 13638 3786
51 20 6290 14035
51 75 26480 21900
51 48 17813 8916
51 88 26860 14505
52 75 37749 19477
52 107 36491 25460
52 80 24416 4396
52 78 4093 164
52 29 18707 24695
52 103 15618 29762
52 37 39876 9429
52 48 39453 28757
52 84 32640 1190
53 57 29507 15370
53 13 15805 17221
53 90 21342 23663
53 64 1028 7565
53 65 6934 3717
53 91 15625 26437
53 34 32996 16671
53 4 1340 19118
54 94 12195 23838
54 60 36066 2551
54 52 1193 15339
54 24 12576 16951
54 83 38848 817
54 20 2212 2640
54 8 32557 15511
54 55 18988 28225
54 98 20840 422
54 59 11374 10029
54 93 26239 25993
55 64 33160 29970
55 66 15236 28864
55 96 29649 27527
55 12 35723 5900
55 57 17278 28923
56 92 11181 16491
56 76 14550 19230
56 110 26282 4391
56 95 39385 25381
56 2 38659 14397
56 110 8350 6705
56 49 19307 13932
56 33 30894 8665
56 91 1095 11680
56 90 34067 20439
56 50 40398 22536
57 25 22048 26283
57 93 38968 20166
57 38 2411 13992
57 95 22930 16856
57 38 9585 18266
57 5 34007 23634
57 27 28362 22376
57 52 8587 29045
57 61 12285 17618
58 96 37775 29560
58 7 13940 2695
58 24 25097 21440
58 19 40033 29933
58 96 401 18599
58 34 21452 19202
59 104 10887 22307
59 50 31159 6173
59 45 29131 16049
59 18 1848 1721
59 28 34075 20477
59 47 23736 10102
59 60 39861 10357
59 34 13230 1971
60 26 4361 19981
60 40 36211 17791
60 96 32372 2563
60 45 8182 29212
60 109 34928 12364
60 43 29194 29739
60 54 23924 25861
60 47 3901 19674
60 32 22198 25660
60 41 36647 23326
61 96 35005 6990
61 5 3458 12431
61 41 39255 26348
61 27 15334 23006
61 12 38978 27509
61 18 38906 666
61 89 14539 29082
62 68 31366 13071
62 63 11289 19894
62 82 27558 7041
62 56 4456 25571
62 101 23166 569
62 31 9928 12169
62 8 27981 14335
62 91 24398 9854
63 103 26303 6116
63 9 38913 14756
63 57 32376 19200
63 53 38820 4292
63 87 12686 19712
63 104 4936 10736
64 85 40228 11599
64 22 14816 4690
64 7 39087 4615
64 73 27165 28431
64 33 14798 16636
64 108 24818 22786
64 80 38221 23813
64 33 7061 22181
64 65 28931 28099
64 8 18928 29469
64 72 13664 12966
65 86 4136 4446
65 29 25261 3956
65 34 1520 5519
65 15 25623 12082
65 17 7037 26989
65 70 26558 11341
65 43 858 27296
65 14 30236 10546
65 26 23530 26475
65 90 30549 12884
65 18 9052 14923
65 32 19607 15395
65 98 22968 23644
65 84 2547 14115
66 106 24849 29748
66 46 19614 24582
66 92 11209 2117
66 54 31417 28397
67 82 21165 6519
67 82 26304 11643
67 60 22761 1776
67 72 26501 11639
67 95 38841 9297
67 27 10915 3506
68 109 16138 22752
68 93 19744 14039
68 69 8616 5581
68 64 39383 24539
68 44 15240 15309
68 10 38386 7774
68 102 18849 18503
68 38 32177 21712
68 79 39319 11139
68 12 20509 4628
68 46 30952 24654
68 82 22557 29688
69 91 30153 19263
69 76 15843 6155
69 29 38598 22115
69 5 6947 26112
69 31 20696 1463
69 42 40213 23216
70 94 36586 28427
70 4 4233 4890
70 40 2195 15705
70 20 689 26390
70 37 5798 17429
70 56 18780 15626
70 66 16369 8416
70 26 1434 17628
70 43 18890 10664
70 52 12211 11109
70 52 14070 25217
71 107 26260 29644
71 14 24607 8293
71 42 24931 18832
71 92 12533 8403
71 22 12587 1088
71 61 36160 28835
71 2 34056 21343
71 100 19324 27123
71 101 9273 8890
72 104 22910 14488
72 105 18725 6453
72 49 3232 14790
72 32 20452 25198
72 33 16387 5930
72 97 17845 11013
72 111 25840 18861
72 95 4334 9673
72 56 8446 12609
72 13 34365 18349
72 67 9515 3569
72 69 38954 10307
73 3 16923 11398
73 82 5004 9690
73 80 34884 17941
73 6 6531 1504
73 18 38340 14107
73 111 21075 12481
73 26 28939 23348
73 39 29332 29804
74 97 39711 11980
74 102 20943 20159
74 61 10055 5056
74 34 31286 1653
74 32 1252 15148
74 22 10837 2686
74 85 5195 19023
74 75 27345 26471
74 69 10660 23173
75 100 29407 10024
75 71 13741 29997
75 1 3440 22028
75 30 20816 20254
75 40 26376 25375
75 60 10523 28372
76 90 1329 29599
76 40 19810 11040
76 8 16750 13373
76 67 5219 10629
76 28 1612 7327
76 67 30800 8933
76 3 31082 7780
76 98 20108 20536
76 41 39952 19378
76 87 27354 29745
76 26 5252 1580
76 99 14311 28351
76 2 33696 5857
77 83 32749 10425
77 7 33435 11888
77 48 36394 29688
77 88 8513 23741
77 54 18045 3478
77 2 5343 17458
77 78 20278 22474
77 15 5869 6620
77 90 18823 10368
77 98 16856 12329
77 3 8415 1732
77 34 35672 27353
78 80 29429 22967
78 85 27518 6453
78 13 32850 25135
78 94 33182 28220
78 11 13933 4261
78 27 6447 19611
79 94 7824 15477
79 2 9998 17323
79 84 19446 25327
79 110 28362 12509
79 16 28315 18325
80 36 29022 298
80 47 24275 22047
80 111 14024 17753
80 73 19996 10660
80 55 33601 6611
80 63 37135 17877
80 57 25130 25245
80 104 21329 15440
80 73 25157 29088
80 56 16228 16842
81 97 29778 12556
81 12 4368 11857
81 74 4510 2283
81 64 29715 12233
81 96 16471 1810
81 72 32351 7359
81 48 14958 961
81 45 12706 10245
81 34 27824 4934
81 59 39390 22152
81 37 9355 23274
82 66 38784 29697
82 83 12263 20558
82 27 35181 409
82 37 19268 4149
82 74 16006 12116
82 47 12775 8357
82 8 21468 26628
82 60 3196 4518
83 110 15687 24654
83 97 31988 17899
83 108 37250 19593
83 24 25724 12572
84 44 12193 20122
84 76 40048 23123
84 75 20582 510
84 19 14749 15134
84 60 26575 6162
84 35 22373 2733
84 87 26474 19402
84 37 21897 14166
84 65 27982 21691
84 82 12345 21069
84 63 31262 24880
85 14 3801 7817
85 80 7316 12722
85 53 15603 23470
86 104 29301 11077
86 78 18802 13750
86 94 3559 22015
86 30 24258 1528
86 81 12992 682
86 10 2363 2512
86 20 24613 28050
86 78 8606 17582
86 38 34252 13427
86 20 26554 6971
86 27 6315 4528
86 101 19308 3052
86 98 29329 9130
86 27 35224 775
87 101 27486 16077
87 95 16542 21407
87 15 40304 26841
87 18 10136 29000
87 27 12529 5791
87 16 23784 28335
87 29 27301 6219
87 57 13138 2726
87 4 11392 23049
87 25 13477 28873
87 21 27251 29203
87 1 22230 9425
87 15 34994 26782
87 22 39461 2636
87 24 3116 7966
88 64 28527 10324
88 61 23141 27744
88 10 17821 22078
88 94 23108 23552
88 35 30806 20681
88 8 9474 26305
88 83 34188 28397
89 78 16790 20437
89 65 21188 26789
89 68 9255 2727
89 47 24734 26956
89 108 36385 1467
89 2 29720 11326
89 107 5487 27078
89 104 23784 29770
89 16 5666 8079
89 1 10469 16537
89 31 33902 14269
89 6 28073 9553
90 93 33382 19190
90 12 40319 22225
90 99 16051 12118
90 37 18246 13181
90 5 8747 644
90 58 27338 23427
90 17 24970 5430
90 47 19963 16523
90 69 39062 4261
90 9 37944 15735
91 102 5091 2999
91 88 8057 15089
91 50 3920 22785
91 10 3708 10716
91 88 26660 13935
91 108 16638 28989
91 33 2873 19413
91 28 27369 25688
91 65 14372 3640
91 13 27951 5168
91 97 34951 19987
91 58 30270 19848
92 47 17153 544
92 3 12087 20443
92 104 40393 19315
92 45 26869 28235
92 4 20115 1776
92 110 20168 28210
92 57 26718 15561
92 86 17039 8197
93 111 18982 337
93 105 5088 29584
93 2 10851 1205
93 51 29334 4038
93 111 33044 21975
93 51 2487 8793
93 111 20207 10532
93 26 5882 20019
93 83 33658 24406
94 110 6435 12107
94 20 17257 27904
94 4 27276 5637
94 101 26136 23741
94 24 17154 24581
94 22 5254 3974
94 24 15862 24524
95 85 16363 12024
95 71 28109 15529
95 56 14285 24118
95 70 15891 1890
95 111 19498 25135
95 102 18371 28717
95 2 17885 12864
95 51 25552 9404
95 20 19928 1654
96 109 6471 13774
96 47 7486 22425
96 52 2011 9505
96 107 25610 29400
96 33 20585 3940
96 75 14373 17114
96 43 37674 26165
96 92 1571 9995
96 36 18430 6066
97 50 21982 15549
97 50 15807 22911
97 102 27356 11075
97 60 40208 12341
97 2 3640 26896
97 45 24175 7056
97 79 38357 30066
97 22 22976 2976
97 19 24824 22359
97 89 13760 2385
98 94 3245 21689
98 95 29715 20813
98 73 17795 7119
98 25 14532 22357
98 42 2713 10472
98 48 24031 27703
98 77 36236 19684
99 109 9854 17709
99 27 23516 904
99 51 3402 25175
99 106 35801 9276
99 57 18450 17919
99 87 2660 906
99 37 32447 3402
99 72 30618 12934
99 20 5978 10791
100 74 24540 3247
100 26 11762 8798
100 90 12810 12513
100 52 39723 19369
100 86 16818 13319
100 49 18495 9782
100 19 37125 18749
100 6 13058 15363
100 29 9460 18384
100 32 29842 10091
100 57 3735 24575
100 1 33558 175
101 103 28933 17648
101 58 14936 5063
101 82 16129 16612
101 3 5311 11076
101 49 8355 1727
102 100 16351 9480
102 23 28584 2814
102 97 34473 1247
102 4 21301 22251
102 31 19683 6078
102 111 30966 25646
102 37 40249 5365
102 47 6506 25620
102 110 5221 25167
102 63 14775 17337
102 72 39082 15058
102 91 21752 7246
102 92 16370 15362
102 75 17411 8799
102 82 9740 23608
102 59 16186 5091
103 48 18769 11871
103 6 33565 28950
103 107 26810 17476
103 29 25525 25170
104 96 25811 25027
104 98 19846 13733
104 67 7626 14597
104 63 25416 23966
104 57 38818 23227
104 49 39882 8442
104 96 9283 21842
104 106 7098 24445
105 74 21803 28549
105 78 27864 18047
105 75 2180 12876
105 1 16179 20124
105 14 38213 27154
105 100 33365 11562
105 46 32180 18445
105 17 22662 111
105 70 6952 18982
106 27 27957 1391
106 16 37834 811
106 76 35365 7980
106 1 2719 27494
106 90 11127 6640
106 80 34709 26049
107 28 2800 16536
107 97 17026 27772
107 5 27764 25999
107 55 3257 3058
107 25 8374 2277
107 67 16826 25477
107 100 22554 23344
107 92 16512 28472
108 70 7494 17565
108 47 21638 4747
108 90 10434 15766
108 12 33190 9388
108 55 22467 967
109 28 2233 2579
109 55 12554 8463
109 53 40223 24893
109 59 6644 13427
109 94 14338 9960
109 106 4824 9167
109 13 26808 19279
109 71 20285 3791
109 76 30282 7843
109 61 37837 5133
109 29 29969 8107
109 76 12492 8622
110 67 35566 11404
110 23 23170 24879
110 25 30730 13296
110 14 29737 29917
110 82 35073 27509
110 56 38806 7766
110 90 4636 27367
110 104 14845 3982
111 55 4618 16979
111 88 37834 16634
111 28 4467 18774
111 63 39896 12878
111 9 38766 20830
111 57 11431 15978
111 55 33119 2948
111 67 14201 1807
