10 100
1000
1 107 0 992664
1 65 4 925929
1 24 3 903255
1 104 0 903829
1 11 4 943888
1 24 3 973181
1 94 0 912597
1 33 0 937518
2 15 3 909582
2 16 3 981181
2 96 2 930161
2 104 1 909821
2 24 1 910698
2 92 0 972863
2 24 1 903597
2 4 2 909645
2 71 4 973814
3 89 3 969011
3 50 3 944449
3 40 4 987424
3 93 0 979040
3 47 4 951992
3 32 4 911490
3 56 3 972742
3 98 1 912914
3 11 4 970889
3 70 2 979190
4 80 0 985987
4 66 0 925449
4 35 2 919370
4 98 4 928911
4 71 0 981884
4 109 3 949361
5 50 1 989495
5 18 2 902256
5 17 2 961387
5 61 0 952025
5 23 1 985728
5 37 2 967716
5 71 0 930587
5 27 2 994490
6 55 1 973547
6 102 3 919991
6 27 1 956200
6 24 3 939157
6 89 0 960755
6 52 4 987612
6 9 2 935707
7 98 4 959782
7 106 2 903068
7 20 2 943670
7 44 0 951008
7 51 4 996852
7 24 3 904566
7 59 2 944987
7 64 2 945789
7 70 0 954458
7 18 1 998638
7 92 1 992274
7 76 0 987261
7 97 4 937491
8 107 4 978761
8 24 2 925079
8 45 0 971044
8 40 0 964701
8 22 2 953044
8 20 2 944664
8 105 3 968691
8 21 3 972438
9 53 2 930199
9 10 1 919327
9 61 3 980918
9 88 2 941786
9 8 0 939121
9 33 3 976263
9 95 1 943456
9 53 2 990480
9 67 2 940678
9 35 3 982456
10 76 1 928108
10 82 2 913790
10 52 4 980037
10 41 3 991342
10 67 1 928570
10 89 3 931697
10 27 1 965115
10 37 3 938476
10 67 0 979371
10 79 1 941365
10 69 3 997495
10 17 1 923902
11 12 4 978432
11 111 4 952414
11 67 1 997374
11 60 1 976450
11 77 0 924854
11 80 2 974022
11 60 0 978431
11 43 4 964450
11 105 4 989277
11 89 0 924709
11 55 2 933367
11 97 2 980789
12 68 4 918446
12 42 1 926447
12 59 2 945924
12 88 3 993108
12 21 0 956925
12 46 2 953334
12 80 4 991254
12 93 1 921319
12 60 1 957241
12 20 0 954731
12 106 3 929979
12 76 1 927619
12 78 4 939255
12 47 2 906121
12 65 0 927869
12 43 2 984349
12 46 2 934337
13 44 2 904956
13 39 1 990894
13 62 2 925488
13 51 0 934163
13 39 2 988075
13 99 3 958760
13 69 0 924319
13 22 2 939522
14 58 4 940282
14 81 4 985078
14 4 0 904091
14 17 0 905761
14 107 3 946054
14 50 0 970332
14 5 0 983769
15 24 0 995224
15 87 0 917332
15 67 0 947562
15 7 3 974846
16 47 2 950479
16 102 4 977690
16 79 3 965803
16 106 4 950549
16 36 3 940136
16 80 4 946014
16 56 2 969779
16 54 0 906895
16 19 2 944945
16 79 0 904408
16 38 3 970214
16 104 2 910505
16 96 0 980698
16 107 1 926856
17 82 3 966625
17 25 3 940536
17 73 0 978824
17 83 4 965409
17 34 4 965100
17 82 3 946290
17 55 2 959490
17 99 3 906192
17 47 3 956001
18 42 0 985939
18 99 3 950453
18 6 2 990981
18 74 2 997392
18 16 0 944715
18 98 3 941688
19 22 1 990057
19 27 1 926801
19 44 0 952681
19 8 2 988465
19 54 4 974752
19 53 4 987735
19 46 3 981625
19 48 3 914876
19 5 3 952054
20 110 2 990436
20 16 1 988626
20 50 1 964950
20 35 2 981579
20 103 2 908740
20 105 4 927536
20 1 2 980207
20 47 0 987427
20 31 3 968212
21 48 2 907541
21 31 4 928428
21 91 2 979572
21 44 0 918402
21 13 1 986697
21 109 1 916830
21 77 1 990123
21 89 2 925412
21 71 4 968541
21 51 3 951039
21 43 2 994733
21 95 0 997064
21 91 0 987060
22 64 3 954914
22 33 0 967317
22 110 4 910096
22 27 4 973792
22 52 0 944422
22 70 4 933303
22 40 4 931166
22 54 2 921160
22 72 1 965716
22 1 4 994970
22 5 4 940102
22 77 2 915179
22 109 4 952154
23 58 2 932189
23 80 2 962026
23 74 1 926346
23 110 0 928500
23 15 3 939794
23 8 2 906500
23 73 0 948754
23 53 3 974148
23 21 0 926550
23 45 4 989027
23 91 4 962921
23 75 1 906466
24 29 1 923689
24 30 2 922004
24 74 1 925508
24 87 3 931438
25 63 4 989319
25 39 1 903598
25 2 3 934298
25 91 2 957958
25 91 3 983650
25 106 1 996131
25 30 0 961394
25 5 2 987053
25 84 4 987502
25 47 2 963593
25 94 1 979191
25 49 0 906432
25 66 0 984629
26 90 2 913148
26 108 4 983034
26 100 0 983142
26 92 0 930324
26 12 1 945331
26 11 3 934418
26 104 2 980600
26 56 2 943028
26 49 1 923782
26 73 3 983883
26 86 1 948209
26 23 3 934875
26 54 2 954749
26 31 3 914046
27 58 0 972415
27 38 4 968652
27 79 4 963530
27 62 0 987333
27 31 3 914689
27 16 0 948327
27 88 1 961437
27 12 0 983217
27 100 0 956963
27 75 0 992540
27 15 3 959865
27 50 2 941564
27 64 3 997756
28 77 1 945700
28 35 4 963847
28 47 0 979588
28 16 1 967939
28 35 2 901819
28 47 3 941780
28 3 0 996433
28 35 3 925895
29 92 4 967415
29 9 0 988762
29 44 4 944992
29 95 0 991286
29 81 1 981605
29 36 3 920730
29 62 4 930277
30 58 0 902551
30 84 2 981577
30 27 0 937428
30 87 0 919231
30 4 1 992751
30 31 3 947941
30 65 4 966270
30 107 3 949596
31 56 1 968066
31 19 1 964630
31 7 3 912374
31 2 4 973989
31 82 3 906529
32 76 0 918783
32 77 1 989332
32 15 3 990411
32 64 3 922290
32 73 4 932921
32 11 2 957583
33 69 4 983800
33 70 3 922902
33 37 1 944343
33 8 1 922471
33 93 3 968060
33 16 4 935426
33 105 1 945752
33 64 4 957009
33 102 0 938095
33 62 4 923174
33 22 4 933104
34 44 4 926909
34 60 4 963451
34 96 2 961641
34 94 1 925025
34 93 3 961801
34 10 1 906323
34 58 2 982511
34 50 1 995724
34 40 1 967242
34 64 3 993238
34 58 0 954338
34 79 0 946137
35 58 3 924179
35 98 4 910832
35 85 4 912402
35 62 1 908812
35 8 4 942998
35 100 1 936234
35 4 4 943922
35 43 3 989123
35 27 2 905061
35 15 1 907416
36 44 0 998901
36 53 3 964447
36 92 1 904765
36 88 3 936305
36 54 0 903563
36 38 3 919078
36 96 0 941445
36 26 3 920063
36 78 4 994797
36 6 2 980573
36 103 0 918001
36 16 3 936390
36 31 1 981837
37 98 1 952072
37 74 1 931333
37 104 0 949557
37 93 4 933701
37 21 2 978073
37 51 3 971169
37 1 0 922061
37 50 1 924811
38 39 2 928778
38 48 1 927045
38 62 3 982760
38 22 0 992690
38 41 1 933737
38 94 4 958180
38 87 3 942713
38 73 1 934531
38 86 0 930256
38 28 1 958423
38 74 1 930856
38 24 3 978588
39 111 0 915591
39 87 4 914344
39 23 2 929388
39 28 1 936132
40 47 2 970551
40 1 3 973715
40 12 3 905437
40 17 1 968624
40 67 3 952686
40 62 1 938530
40 30 3 931462
40 47 1 931028
41 73 1 983419
41 82 4 972567
41 25 4 959832
41 85 2 969980
41 54 3 920625
41 107 2 993830
41 33 2 910534
42 76 1 936478
42 85 3 983119
42 100 2 973709
42 83 1 942271
42 98 2 937999
42 18 4 926925
42 24 2 976571
43 69 4 954060
43 74 0 920390
43 101 3 952189
43 68 4 901014
43 27 4 975918
43 69 0 941218
43 107 4 978350
43 79 2 978729
43 85 1 999433
43 62 4 972181
43 65 2 984811
43 7 1 963449
44 91 1 960642
44 73 4 986326
44 72 0 991306
44 35 0 935036
44 67 2 972872
44 109 2 944659
44 13 0 989509
44 15 4 989420
44 38 3 991625
44 35 2 930530
44 63 4 936580
44 48 2 902393
44 80 0 981248
44 29 3 911832
44 91 2 989947
44 31 0 986442
45 101 4 976475
45 44 3 952478
45 16 4 938697
45 103 1 976252
45 6 0 973524
45 36 0 994640
45 49 4 995327
45 109 0 979910
46 59 3 974087
46 57 3 921953
46 12 2 943362
46 109 3 955730
46 47 2 922739
46 88 3 958430
46 6 4 986080
46 6 3 994933
46 25 1 955000
46 108 2 973927
46 43 0 947243
46 87 4 942057
47 55 1 937428
47 94 0 967835
47 83 2 910796
47 111 0 940799
47 48 3 939103
47 35 4 949126
47 107 0 915516
47 10 1 986195
47 24 3 994153
47 101 3 995856
48 43 4 987559
48 89 1 924668
48 24 1 980568
48 101 2 959977
48 45 1 961567
48 25 0 917479
48 70 1 936416
48 89 2 926592
48 38 4 904492
48 2 1 996146
49 59 2 931061
49 62 0 903472
49 76 3 943972
49 9 2 901312
49 111 1 950668
49 71 3 992333
49 13 3 919022
49 66 2 992104
50 77 3 961310
50 87 4 953289
50 105 1 946902
50 98 1 990334
50 5 2 924894
50 25 4 915331
50 16 3 976227
50 92 2 969781
51 85 4 909630
51 99 3 900005
51 10 1 984385
51 18 4 917804
51 99 3 920313
51 101 0 971536
51 14 3 918854
51 61 2 964387
51 28 0 903502
51 108 2 952793
51 19 1 929908
51 58 4 902121
52 14 2 949450
52 74 1 943065
52 54 1 965752
52 106 1 920203
52 69 0 921761
52 22 2 933607
52 13 0 960470
52 64 4 908933
52 78 0 945582
52 75 0 986728
52 38 4 914830
53 27 2 900309
53 45 4 988932
53 49 4 923021
53 37 2 938128
53 7 2 919362
54 65 4 936739
54 10 1 979809
54 82 0 908091
54 59 0 949089
54 61 3 918362
54 59 1 958808
54 9 1 956620
54 110 1 927120
54 3 4 952823
54 70 1 900792
54 85 0 951809
54 20 4 983174
55 64 1 901943
55 68 4 928003
55 98 1 978920
55 77 0 911584
55 84 2 964308
55 54 4 989709
55 57 4 912494
55 14 2 955107
56 78 3 988390
56 110 3 922758
56 63 1 995263
56 6 2 971535
56 10 3 930078
56 80 2 911817
56 88 4 998555
56 100 4 902469
56 99 2 966403
56 63 0 906210
56 40 0 967233
57 17 2 928496
57 44 2 936575
57 111 2 949995
57 90 3 943296
57 95 1 926351
57 10 1 904925
57 21 0 984275
57 106 2 924700
58 104 2 962622
58 89 4 986737
58 7 4 909421
58 14 0 923413
58 46 1 926540
58 102 0 909119
59 26 4 935150
59 25 2 987992
59 86 2 926014
59 110 0 922680
59 58 0 924580
59 38 4 960414
59 102 2 925798
60 111 3 971461
60 59 3 926150
60 25 3 996826
60 57 0 932356
60 51 0 950711
60 104 0 922399
60 103 3 903214
60 7 0 914276
60 56 3 907838
60 48 2 973437
60 19 0 925190
60 67 1 905753
60 19 2 947929
60 59 2 942899
60 99 3 921616
60 2 4 997235
61 87 0 945144
61 40 3 945807
61 47 2 999247
61 84 1 907144
61 56 0 973382
61 51 0 909006
61 7 0 927850
61 31 2 952295
61 76 0 980006
61 84 2 974324
61 12 4 962598
62 63 3 943471
62 77 2 920231
62 90 4 986379
62 67 3 972976
62 6 1 924280
62 6 4 911915
62 90 3 982296
62 109 3 905613
62 67 2 973313
62 91 4 915448
62 94 4 926751
63 5 4 920920
63 91 1 959170
63 59 3 973159
63 81 1 982598
63 105 1 994697
63 62 3 911186
63 74 1 942043
64 67 2 937588
64 41 1 901209
64 35 4 969113
64 38 3 966175
64 12 1 987238
64 18 3 991519
64 38 2 928762
65 98 4 942246
65 24 4 910821
65 91 2 944607
65 64 4 935547
65 92 2 988515
65 42 0 974725
65 102 3 934226
65 76 2 953374
65 14 3 993414
65 62 1 992848
65 9 2 939516
65 32 1 979942
65 24 2 975826
65 77 0 970498
66 96 4 925999
66 71 2 977004
66 47 1 975320
66 98 1 925092
66 27 2 921215
66 32 2 948372
66 51 4 999512
66 39 1 915489
66 109 3 988255
66 109 3 930229
66 91 4 915744
66 12 1 961927
66 30 2 973278
66 59 3 926643
66 100 0 968695
66 93 1 988537
67 2 3 908083
67 47 0 916878
67 80 4 959318
67 9 1 918146
67 79 3 991934
67 110 3 975665
67 57 3 903373
67 3 2 949358
67 20 1 929786
68 78 0 942303
68 101 3 908935
68 93 3 933024
68 75 2 940976
68 23 3 908524
68 31 2 971855
68 71 2 908615
68 17 3 933303
68 14 3 919607
68 2 1 953302
68 94 3 953877
68 91 4 919154
68 45 0 991902
68 89 3 936796
69 104 0 975011
69 80 1 965590
69 28 4 928839
69 101 0 945950
69 19 1 971372
69 31 4 951687
69 106 4 970936
70 47 1 901300
70 34 1 951526
70 86 2 941441
70 103 2 936102
70 71 4 994636
70 58 0 958818
70 7 0 937583
70 48 1 998824
71 83 0 997883
71 28 3 970487
71 24 0 925098
71 18 2 975180
71 2 0 981875
71 20 0 917491
71 49 2 930054
72 5 1 919901
72 92 1 976002
72 13 2 973948
72 45 3 924402
72 109 2 938190
72 84 4 987034
72 8 2 950511
72 53 0 988492
72 13 0 983853
73 108 0 979053
73 109 1 971227
73 87 0 973946
73 48 2 902026
73 56 0 905829
73 18 4 995538
74 40 4 970005
74 44 0 912904
74 56 3 949070
74 16 4 934069
74 104 2 925468
74 71 4 988109
74 37 0 929742
74 110 2 971550
74 34 0 998237
74 96 3 973150
75 6 1 992346
75 15 2 968785
75 8 3 935510
75 42 3 987323
75 4 3 984892
75 54 3 912507
76 103 0 964052
76 52 0 991076
76 94 0 949544
76 63 0 907878
76 19 1 981708
76 74 0 953352
76 85 3 934144
76 53 3 991503
77 94 4 907451
77 105 4 985413
77 95 2 986578
77 96 2 946368
77 29 4 909060
77 54 3 910173
77 100 1 959008
77 82 1 971546
77 9 0 976119
77 99 3 973373
77 97 1 971484
77 105 3 952396
78 107 1 965033
78 92 1 983547
78 3 2 941217
78 46 3 974622
78 66 2 974547
78 27 1 971095
78 104 3 923457
78 107 2 924193
78 38 0 972658
79 24 1 922362
79 59 2 936956
79 17 0 986162
79 107 2 942239
79 2 3 968361
79 104 1 930553
79 75 2 969393
79 60 0 959880
79 9 0 967352
79 84 1 943275
79 13 4 923101
79 53 3 955940
80 18 1 970541
80 111 2 963227
81 29 1 929136
81 110 0 998366
81 76 1 935166
81 14 0 980682
81 22 1 913537
81 92 0 951647
81 110 0 943917
81 63 2 916599
81 47 1 990579
81 80 3 929871
82 56 3 936753
82 95 1 975582
82 31 2 911554
82 75 1 964245
82 72 2 998729
82 31 0 911593
82 31 3 938871
82 59 2 900043
82 27 0 978064
82 74 3 910186
83 82 0 931355
83 25 4 998525
83 36 2 932988
83 23 1 902224
83 22 2 901038
83 66 2 997582
84 11 0 990927
84 4 4 931833
84 100 4 915832
84 23 0 905491
84 93 0 952309
84 111 0 924532
85 49 3 957743
85 20 0 902215
85 74 4 937018
85 37 1 982802
85 87 2 959466
86 88 1 982557
86 99 1 928507
86 25 4 984664
86 74 4 977463
86 7 1 965131
86 16 1 903582
86 108 3 930503
86 54 2 938705
86 78 1 998844
86 89 1 988194
86 34 1 942808
87 6 4 965427
87 9 4 955293
87 63 4 958731
87 20 3 907611
87 14 1 991867
87 100 4 970536
87 39 4 977960
87 109 1 998643
87 8 3 933516
88 14 4 957259
88 16 1 957524
88 89 2 951856
88 37 1 960495
88 91 3 983011
88 64 2 943717
88 39 4 913341
88 99 4 945808
88 73 4 947899
89 27 2 961151
89 33 1 962877
89 53 3 934767
89 99 4 916721
89 14 1 936461
89 84 4 997252
89 96 1 930638
89 14 3 941302
89 35 4 932770
89 29 2 946185
89 54 0 970257
89 88 3 994434
89 2 4 944240
90 104 1 991659
90 55 2 965122
90 75 2 909013
90 96 3 900574
91 2 2 954825
91 66 0 969467
91 21 1 926590
91 34 4 903202
91 52 4 966418
91 8 3 962593
91 6 2 918954
91 25 2 911755
91 59 0 936206
92 20 2 929351
92 39 2 984050
92 93 3 994099
92 103 1 913819
92 10 0 949376
92 65 1 941613
92 22 0 947581
92 111 4 915745
92 58 0 993141
93 74 0 940003
93 51 0 923447
93 10 4 963105
93 79 2 904336
93 34 2 917392
93 35 1 936082
93 23 3 942593
93 6 4 987918
93 91 1 942200
94 109 4 969005
94 29 4 902816
94 46 2 992638
94 30 0 976836
94 44 2 989229
94 31 2 984799
94 23 4 983088
94 97 0 979461
95 99 0 972536
95 15 1 909413
95 64 3 968054
95 65 1 952153
95 59 3 997446
95 104 1 996238
96 67 0 913903
96 43 4 950585
96 52 2 978849
96 86 0 901489
96 35 4 979164
96 27 3 918135
96 49 4 956554
96 48 0 978018
96 71 1 959476
96 49 4 908698
96 2 2 958166
96 50 1 935385
96 24 3 942403
97 111 2 901199
97 39 1 915105
97 73 4 920907
97 37 1 942420
97 99 1 975806
97 37 3 963859
97 76 3 989308
97 68 3 999117
97 2 1 992723
97 6 4 900926
97 107 1 958004
97 46 1 910008
97 31 2 903736
98 6 3 952090
99 55 1 986512
99 44 3 993769
99 6 2 949916
99 20 2 920893
99 8 0 949593
99 9 2 937884
99 68 0 958096
100 17 2 955248
100 35 1 962756
100 13 1 979143
100 66 1 934795
100 12 1 971980
100 95 1 940252
101 26 4 971250
101 90 2 947390
101 67 1 947154
101 25 3 957212
101 13 0 996395
101 58 1 965950
102 33 4 918568
102 31 3 990765
102 100 2 923853
102 26 0 950862
102 78 1 902972
102 66 1 981737
102 87 1 952885
102 62 0 961516
102 56 0 927061
102 57 2 986411
103 59 2 950798
103 10 3 905917
103 85 2 981479
103 46 2 985051
103 111 4 908000
103 58 2 950297
103 58 2 930306
103 29 0 943062
104 51 2 987423
104 59 0 970607
104 55 3 931362
104 16 1 938763
104 67 4 965381
104 23 1 997617
104 30 3 965898
105 76 1 984356
105 82 3 934812
105 17 4 983278
105 9 3 936033
105 87 4 924538
105 4 3 991505
106 13 1 986411
106 44 4 915752
106 49 2 956182
106 49 3 962493
106 84 4 997171
106 48 3 995576
106 61 2 990525
106 84 0 942672
107 58 4 940038
107 52 3 921550
107 40 1 942644
107 70 2 943123
107 42 3 916042
107 31 2 979323
107 75 0 932812
108 80 0 987608
108 75 2 985434
108 99 0 994522
108 107 0 954901
109 45 2 963321
109 107 2 943003
109 69 3 960168
110 40 1 995565
110 73 4 994384
110 48 2 985634
110 30 4 932364
110 105 3 985005
110 21 1 930922
110 70 2 906677
110 96 3 923584
110 106 4 964328
111 67 3 972915
111 47 4 943895
111 33 0 917353
111 47 4 947535
111 87 3 953865
111 70 4 952479
111 29 2 985854
111 48 2 993255
111 9 1 965716
