10 100
1000
1 98 848210 138098
1 86 348491 2763
1 83 381149 21708
1 64 198880 680277
2 83 24135 834628
2 85 245878 697601
2 98 849278 708270
2 53 900021 781810
2 17 667050 901931
2 23 638134 316641
2 7 866354 479441
2 16 304368 58035
3 57 117918 625608
3 68 88113 724414
3 52 605945 184024
3 16 371962 421109
3 49 470337 591101
3 100 664669 875907
3 83 689262 26845
3 54 790989 150705
4 35 662456 646229
4 37 166193 25303
4 70 908167 886609
4 30 653009 629887
4 82 754265 456205
4 54 731521 183408
5 74 442515 321271
5 106 854263 65099
5 17 215076 876935
5 25 758968 591476
5 51 411320 417858
5 12 148675 952976
5 8 744609 43475
5 38 702157 929142
5 80 608170 324590
5 14 735428 495695
6 110 843759 177230
6 88 693340 609260
6 3 798781 956489
6 55 375221 357007
6 99 515706 436884
6 107 6857 601796
6 67 911578 932943
6 11 391181 673071
6 100 9375 438299
6 108 964826 986829
7 32 96915 818107
7 82 146898 661500
7 10 246713 329418
7 88 316033 423732
7 64 694310 205812
7 9 534161 794661
7 51 599578 565223
7 32 293838 402864
7 4 782181 337991
7 10 554996 319781
7 9 440668 882523
7 6 764804 590865
7 94 133241 530518
8 108 975021 255190
8 95 376875 877315
8 99 537802 83463
8 27 742766 788959
8 66 150125 461425
8 62 297772 266798
8 80 234659 199032
8 60 6109 171369
8 16 653688 886458
8 88 648802 44065
8 98 892296 359171
9 74 283821 681843
9 61 297556 536003
9 6 8797 171668
9 54 937276 828512
9 62 870818 833632
10 17 281656 861918
10 73 427880 316458
10 35 468928 903117
10 21 697729 982695
10 107 335541 424466
11 77 277794 293262
11 46 631472 679839
11 36 952370 438705
11 20 307814 404291
11 43 302083 332134
11 9 281726 914305
11 95 871661 67011
11 66 484710 597510
11 39 823083 290095
11 5 724863 414419
11 28 505776 713
12 30 265530 41020
12 39 22225 909993
12 67 219601 540788
12 54 715828 66721
12 88 923360 686543
13 56 695529 161683
13 58 487917 408373
13 80 174635 250490
13 40 721322 358315
13 65 833412 633425
13 88 590123 113905
13 103 900354 867525
13 91 715041 418059
13 50 94529 754978
13 82 459497 853900
13 60 708871 459641
13 108 625657 344025
13 86 100672 862104
13 67 17418 214277
14 99 91048 816487
14 95 230816 850980
14 70 642231 902148
14 107 958778 334089
14 36 917254 489585
15 98 294944 850099
15 101 638159 769102
15 22 524868 863445
15 45 203503 801597
15 42 786292 144262
15 107 686948 712163
15 61 605568 796219
15 43 548435 954820
15 86 279350 629077
15 93 838722 184111
16 86 226922 778233
16 12 123228 935383
16 92 943152 294876
16 17 368671 393905
16 65 885198 594671
16 26 927689 806822
16 110 314653 637405
16 22 153967 607489
16 83 196205 84688
16 100 796588 550074
16 7 636502 538342
16 101 166164 295133
17 32 764756 208261
17 35 541904 198091
17 44 568464 404810
17 13 438765 137232
17 102 329642 843697
17 101 816606 540789
17 2 131485 837004
18 23 606931 288078
18 109 445824 373565
18 16 25130 215713
18 11 153715 341624
18 53 554550 627200
18 94 889832 953251
18 86 396169 229588
18 16 621647 768478
18 105 139814 183667
18 2 284784 209116
18 21 807927 549612
18 37 313803 914750
18 94 36998 794970
18 56 126171 974155
18 48 161883 177598
18 69 688176 342304
19 47 553730 23496
19 107 161089 360722
19 65 828778 427492
19 8 488839 753889
19 80 839288 629773
19 23 837759 102210
19 23 335087 977048
19 52 502565 156150
19 58 746393 471947
19 98 567990 272495
19 75 128638 947142
19 48 472093 515984
19 95 91682 48253
20 32 687053 201532
20 87 320346 785959
20 42 154915 721774
20 56 275586 221282
20 82 592663 333456
20 62 896458 781228
20 74 488648 112195
20 60 154937 481019
20 46 813188 211670
20 13 623524 734703
20 41 780542 194403
20 24 976957 999636
20 54 211716 225447
20 99 512486 994099
21 32 894621 181584
21 94 536602 36341
21 11 947928 657603
21 13 493577 640135
21 9 36202 683709
21 7 791194 391437
21 56 746326 429264
21 106 647516 940137
21 4 446507 69884
22 109 211150 109400
22 71 559171 275362
22 19 550163 970879
22 81 957483 213665
22 103 984697 326340
22 80 967385 995942
22 80 886826 95404
23 64 302868 550131
23 46 998168 425458
23 59 384032 818845
23 69 963142 63861
23 94 852756 254912
23 77 640563 987840
23 26 548565 577152
23 32 56831 81909
23 77 993921 802710
23 25 157304 710929
24 74 724115 32953
24 100 877360 959182
24 92 277792 950928
24 62 157532 577262
24 42 834079 548280
24 95 812320 285348
24 15 616887 473294
24 29 748859 524786
24 104 121103 789065
24 16 976091 952171
24 96 934748 489397
24 29 297369 813818
24 22 942310 391164
24 78 633166 359624
24 49 201844 614006
24 29 581379 875476
25 90 897551 614923
25 40 576918 532514
25 86 772947 639310
25 70 718344 546268
25 71 246741 376504
25 99 231642 288995
25 57 830645 23957
25 32 284003 713745
25 43 218428 129338
25 31 72533 857421
25 109 658100 26372
25 79 693971 89656
25 35 250957 358073
26 36 656629 457884
26 45 692014 387393
26 48 332873 554981
26 67 336302 890875
26 11 423997 308119
26 90 914841 243338
26 33 754398 405101
26 17 963529 222253
26 39 378343 775198
26 92 161345 65267
26 14 679189 325167
26 77 854408 787763
26 60 850489 555682
27 38 803248 551622
27 50 373237 537335
27 94 936809 91164
28 37 140942 685800
28 111 632412 973508
28 51 962380 866103
28 35 684653 206072
28 104 569951 25337
28 70 228844 23855
28 75 575611 665993
28 23 341060 967055
29 41 781719 211794
29 30 353013 914873
29 63 980420 645216
29 69 738294 260861
29 32 742342 613505
29 44 68201 348165
29 71 349080 314515
29 83 851421 472207
29 26 270118 698711
29 74 375667 695618
29 40 490965 302678
29 5 497365 281218
29 43 355413 8053
29 86 8844 521578
30 64 276752 49266
30 44 160630 875698
30 42 237560 810893
30 63 845609 686906
30 78 536150 530079
30 6 494961 483189
31 92 605833 90249
31 94 837814 231268
31 109 426089 237178
31 111 92221 572403
31 100 979359 776328
31 63 968009 682506
31 85 293013 684307
31 109 876022 302670
31 86 432749 733643
31 105 242652 659325
31 19 735150 492966
31 109 131832 586505
32 71 860942 593322
32 110 367637 879580
32 34 510199 420369
32 111 130655 535586
32 68 952385 702182
32 64 188660 922095
32 33 183514 687574
32 39 673064 77446
32 27 583453 335646
32 10 19813 988946
32 90 180888 592643
32 107 207287 566544
33 46 773473 353090
33 54 44915 369830
33 40 398393 206903
33 51 464605 150935
33 27 591468 484897
33 54 314522 987230
33 102 666706 18256
33 68 672827 523428
33 7 253112 994131
33 3 576830 312659
33 23 532070 995132
33 93 876437 816623
33 42 426781 378945
34 1 221781 814288
34 99 161253 380324
34 8 936072 23264
34 103 139369 216322
34 105 409126 325172
34 78 963824 592768
34 35 213767 392115
35 90 59937 859167
35 107 199503 950094
35 109 618798 258774
35 74 430858 405085
35 8 978153 21299
35 37 761675 419773
36 105 701067 427884
36 102 865387 840834
36 104 818528 719023
36 24 986062 285031
36 50 931673 762011
36 65 358035 667823
36 84 504238 380955
36 39 28069 86052
36 46 216990 9572
36 3 105768 647035
36 8 687937 724457
36 46 906301 790822
37 97 409611 235393
37 29 89478 41586
37 44 249208 260298
37 70 108186 993822
37 106 328399 95309
37 1 772739 588263
37 40 199518 448344
37 111 906287 954030
37 6 403241 398643
37 90 116871 713299
37 6 790954 768990
37 40 319086 353021
37 18 524462 492957
37 98 218320 171601
38 47 864911 665607
38 87 148054 742256
38 73 321513 238880
38 12 550001 195880
38 1 78931 857138
38 105 526347 885472
38 18 884710 12473
38 84 89542 466856
38 69 207736 989742
39 64 892997 357504
39 75 77607 244240
39 53 969955 661476
39 31 67962 28370
39 81 903100 233116
39 103 700422 426579
39 19 311166 696850
39 19 635712 275952
39 38 3544 208253
39 50 276265 93852
39 98 595222 56167
40 23 333488 328040
40 74 497546 78956
40 65 938229 885292
40 38 513422 147487
40 47 61508 613411
40 87 806056 334263
40 37 525367 379196
41 105 209050 278146
41 67 927267 520263
41 10 418218 75723
41 85 552039 538594
41 71 377246 493740
41 104 946644 334604
41 44 350118 358501
41 108 354696 206589
41 72 277596 892838
41 59 75706 850577
41 76 457385 867728
41 96 509909 443163
42 86 585696 699993
42 101 428928 149731
42 7 66848 939065
42 87 23479 914255
42 68 383533 817943
42 52 625075 559448
42 47 652107 188966
42 31 990798 195665
42 95 93666 60344
42 104 979089 317986
42 14 993286 213003
43 83 505318 601186
43 92 205274 423370
43 110 938814 417200
43 107 726859 390648
43 106 333783 359085
44 104 746594 213311
44 77 39058 29578
44 6 616879 378541
44 108 70460 406490
44 54 857557 211228
44 11 267649 270737
44 10 434482 946146
44 34 560492 25949
44 88 583277 447412
45 9 964917 514309
45 81 630625 299385
45 104 76600 639828
45 16 246682 542518
45 32 745936 341111
46 57 71929 256868
46 94 96699 704029
46 10 896821 999807
46 108 28946 960601
46 40 612002 976209
46 57 140845 630411
46 21 61036 268693
47 105 611626 503215
47 98 41816 486382
47 50 558992 805244
47 106 528981 304739
47 49 351933 249258
47 39 569407 853939
47 75 443854 237776
47 63 487566 784863
47 31 191446 360478
47 78 165307 562721
48 69 131741 244045
48 64 199021 565828
48 41 98364 495945
48 18 444483 766379
48 88 531251 155564
48 14 685471 326197
48 85 650556 294137
49 28 681124 583629
49 96 876981 413304
49 55 992674 511177
49 108 443727 435994
49 45 248823 969029
49 74 739419 470572
49 58 227617 868344
49 79 856250 684095
49 27 917850 341773
50 85 200068 436372
50 35 515409 40072
50 3 792160 746541
50 86 621686 229429
50 14 178607 335737
51 75 24585 713874
51 89 712377 422027
51 57 188767 156682
51 97 890146 332127
51 111 458119 636769
51 87 670206 636454
52 88 160238 869222
52 54 378181 607829
52 34 783341 3175
52 26 881660 270513
52 37 398467 892086
52 57 176233 309713
53 49 591883 934588
53 99 968943 242330
53 41 429845 440523
53 69 240360 370417
53 54 84528 474119
53 77 383529 82122
53 43 466325 603012
53 44 815563 271547
53 56 312840 980023
54 108 977731 489794
54 79 456805 469316
54 17 656970 748011
54 66 422331 870202
54 105 256264 733692
54 49 231649 99486
54 30 357487 508323
54 40 220940 447622
54 42 477180 261179
55 57 319181 705265
55 66 857317 818500
55 79 750215 775345
55 9 63043 356160
55 9 488180 581170
55 54 873669 452242
55 75 598374 528632
56 64 237429 361310
56 74 628964 489117
56 103 802164 1407
56 89 774421 330946
56 101 715506 767061
56 80 198389 927571
56 40 897015 214926
56 87 102022 310495
56 53 735460 600021
56 45 381932 520904
56 88 603267 616290
56 105 484856 235744
57 97 858558 21443
57 43 579494 109812
57 30 403839 327373
57 16 132851 711980
57 74 145893 121599
57 98 997069 902158
57 108 33678 747602
57 100 914517 231714
57 43 664289 368539
57 51 311018 837228
58 71 595005 48110
58 55 539251 477387
58 17 449282 717143
58 67 825622 757536
58 63 924018 937348
58 16 32351 388668
58 87 782163 477830
59 106 725519 724101
59 19 905469 776415
59 107 443612 886633
59 83 15757 443406
59 20 558143 199851
59 92 633432 932228
59 20 197937 222961
59 16 752503 594155
59 66 364324 301421
59 77 9379 57866
59 45 700032 789300
60 64 928140 724090
60 96 355554 577730
60 98 869700 193988
60 79 525040 832065
60 16 598124 223775
60 21 715609 810975
60 10 746592 821020
60 81 972521 722753
60 97 789992 384737
60 98 466276 640053
60 66 13885 934866
60 110 103134 158487
61 106 211806 487382
61 92 819693 927833
61 47 473584 669970
61 101 960603 349748
61 93 446239 689970
61 25 974520 456481
61 74 607551 108688
61 55 765277 958583
61 8 500181 770748
61 24 355820 286487
61 26 754239 636484
61 59 902436 453005
61 76 832745 512699
61 12 14940 963562
61 15 51519 805294
61 20 597207 50729
62 25 467521 459029
62 81 922046 96742
62 77 607725 443256
62 58 359524 233598
62 5 879923 356885
62 84 428237 317321
62 22 541416 743831
62 75 872648 933607
62 111 602234 467055
62 74 751908 728204
62 99 172564 507521
62 76 47720 660093
63 97 585119 685677
63 42 206214 290133
63 75 810834 304962
63 34 875776 465137
63 103 824752 797189
63 73 115210 97873
63 75 540286 672486
63 102 438032 525607
63 91 603961 433011
63 44 795945 840025
64 89 115666 89249
64 92 504342 144755
64 57 671493 461115
64 73 344931 471747
64 95 233026 269223
64 71 973681 17743
64 42 780862 566250
64 37 392617 670710
64 70 969887 20997
64 47 617542 643562
64 25 770875 857823
64 76 220439 988125
64 96 332725 884626
64 107 518755 263531
64 46 152215 905447
64 90 753867 363502
64 11 154356 205171
65 106 801826 483589
65 50 275586 602467
65 13 743223 891484
65 34 169237 404160
65 101 905631 184674
65 35 551820 541850
65 63 66676 398262
65 82 398058 300598
65 22 924373 741472
65 107 140778 73410
66 77 7271 222707
66 69 930464 493764
66 61 488780 550797
66 88 888848 103408
66 38 835744 315193
66 91 494525 459397
66 63 396108 496229
66 51 684492 895327
66 59 772568 488961
66 32 616142 297070
66 72 871996 246312
66 20 397508 416403
66 75 901392 477130
67 31 16919 85258
67 94 855763 867068
67 84 484381 325758
67 16 589255 268630
67 18 522391 569156
68 13 965623 418807
68 15 775251 680402
68 93 726921 149354
68 78 210004 58221
68 77 944700 132811
68 4 64797 665721
68 17 748666 264356
69 79 173879 101406
69 45 22621 625160
69 23 659593 951919
69 67 742137 974314
69 3 330536 417275
69 80 886018 176114
69 104 60125 173922
69 43 517736 412166
69 100 345600 80283
69 32 902235 956863
70 5 458081 494093
70 96 474726 40575
70 30 759494 550790
70 79 48526 844154
70 21 231879 102348
70 61 913109 756421
70 106 709302 980041
70 50 721325 174692
70 9 749847 938090
70 58 377432 867397
70 6 95084 211744
70 83 519349 852504
71 109 770362 847012
71 42 593084 633354
71 48 755224 390339
71 98 472940 987288
71 67 535456 653111
71 62 528241 563189
71 95 532684 383665
71 19 791141 665371
71 23 320035 748557
71 90 602831 410518
71 29 904210 647048
71 5 500248 16834
71 51 287920 877330
72 74 311627 578700
72 108 96022 579469
72 83 98183 493119
72 107 383751 197676
72 55 710493 650005
72 53 744491 507312
72 107 307413 882534
72 44 432759 756407
72 93 505432 698730
72 20 624864 73889
72 101 551620 588707
72 94 898405 921637
72 107 299317 844393
73 7 381440 86042
73 110 633185 298102
73 41 371314 872426
73 36 818973 988849
73 98 104041 982522
73 56 323367 955562
73 97 755948 92944
73 93 760222 760335
74 99 320738 127291
74 91 498996 628812
74 53 610113 346425
74 91 84867 336306
74 30 919885 83994
74 86 215793 346648
74 89 426849 296437
74 16 188263 205276
74 1 312748 557110
74 4 348085 193705
75 82 21866 72763
75 86 987784 849279
75 17 525693 53431
75 1 387000 451345
75 42 444485 24214
75 82 563340 289288
75 109 528267 500575
75 70 851267 194321
75 106 383730 259179
76 85 983590 450618
76 111 221892 402356
76 48 666740 711737
76 105 951625 381623
76 98 26325 989760
76 81 667252 534939
76 64 110207 207475
76 3 195090 782940
76 32 155997 853677
77 108 637232 616991
77 27 459264 64003
77 61 269640 998805
77 66 538107 641112
77 79 745002 426652
77 78 148837 721268
78 81 881379 451309
78 19 415745 883129
78 75 435552 806816
78 101 189117 151355
78 35 149899 819116
78 96 154356 819320
78 27 805989 750350
78 73 87778 154671
78 8 430101 427756
78 23 33703 338215
79 86 449032 686549
79 94 378027 759681
79 17 649860 725031
79 23 384790 426897
79 96 874863 644358
80 18 181880 568069
80 8 935297 820300
81 110 759621 519306
81 52 473823 610031
81 84 482478 424460
81 75 712839 341074
81 32 886384 967676
81 5 696045 49882
82 101 987932 847667
82 42 884639 458356
82 7 878026 879957
82 43 642404 868225
82 93 725233 296428
82 106 4469 70981
82 88 379679 282535
82 91 288699 511692
82 43 384408 166436
82 46 750449 27917
83 49 520604 142769
83 82 185392 734900
83 33 459338 225411
83 19 147683 703829
83 62 388232 863318
83 28 34440 327180
83 56 672612 777362
83 102 278984 342896
83 71 521477 351201
83 82 346640 426339
83 36 187264 949615
83 13 143918 248511
83 4 511060 938824
84 103 801346 280839
84 88 655543 425901
84 89 353152 74966
84 99 948936 839879
84 54 379844 22896
84 105 808547 74516
85 98 318962 248197
85 10 296078 933713
85 101 865728 836301
85 106 153175 39871
85 21 163965 291604
85 71 734371 343229
85 6 836135 600619
85 103 136115 690019
85 84 36018 739216
85 8 285881 222414
85 8 40721 137319
86 55 392415 668530
86 2 489569 293794
86 95 927256 655520
86 51 576258 606124
86 111 758699 571250
86 89 827253 353717
86 45 534828 551900
86 67 295097 236933
86 101 619453 504937
86 28 979004 380458
86 69 297074 999046
86 98 616980 440114
86 72 969302 123250
87 32 607056 713340
87 38 578940 904728
87 53 862870 946984
87 42 35029 942984
88 109 934424 275439
88 48 865940 988188
88 29 286884 900452
88 98 62163 119961
88 45 133857 772269
88 39 865479 67848
88 72 799123 113145
88 98 989905 304074
88 73 268360 414383
88 41 399773 779475
88 9 943586 270222
89 58 299269 596024
89 80 366333 135856
89 6 592514 193108
89 71 332067 745133
90 11 20507 417922
90 79 438347 122189
90 35 803969 843881
90 31 164389 59328
90 100 70984 380720
90 20 598023 355950
91 96 204423 15192
91 82 157257 404887
91 6 264623 415878
91 23 371550 944915
91 23 119070 156375
91 84 92096 519
91 6 82270 675931
91 111 408877 82175
91 67 333074 496992
92 109 884393 758333
92 75 739437 230489
92 15 248800 832874
92 82 378234 364036
92 86 93996 514627
93 95 695245 598963
93 87 357909 489715
93 31 263757 531238
93 50 731891 469978
93 89 762554 322099
94 35 827937 277836
94 34 233741 521303
94 107 661324 18805
94 72 353505 776030
94 29 78495 321240
94 110 54562 204298
94 26 752294 359123
95 108 643284 181244
95 13 445570 134196
95 63 275796 136445
95 68 365522 456898
95 44 129871 689505
95 39 630888 541626
95 75 501408 167403
95 87 287432 487549
95 40 675108 918128
95 47 58428 391645
95 13 301110 170104
95 44 624280 4522
95 65 591165 506209
96 40 430009 527090
96 70 750132 720124
96 55 417720 544413
96 79 706606 234447
96 91 422835 293894
96 32 689715 802540
96 11 355498 596577
96 66 515947 583067
96 49 583000 53569
97 49 684490 178233
97 61 25896 12677
97 91 453897 183065
97 74 141039 700501
97 63 188359 145372
97 103 472820 47734
97 50 731089 732112
97 41 90828 475746
98 44 231414 384014
98 8 712425 651469
98 56 695787 875935
98 4 200992 142547
98 7 774426 851955
99 55 874978 990773
99 17 306513 842806
99 91 933818 431449
99 43 742723 541464
99 1 441007 936921
100 25 906517 891489
100 35 727788 261200
100 2 842439 692057
100 84 920314 374921
100 51 172459 817398
101 36 10990 804560
101 80 135782 370459
101 1 418921 319678
101 102 678406 607560
101 96 332474 71835
101 43 476055 824276
101 23 672985 427691
101 73 581627 822130
101 17 452950 767179
101 71 908920 61195
102 94 181529 596681
102 109 343094 886274
102 15 812145 226764
102 69 8019 231766
102 39 835841 714787
102 100 933042 743879
102 45 345295 152314
102 103 491288 573148
102 31 455590 620949
102 62 712321 460612
102 82 696943 859146
103 81 593485 61308
103 22 212030 243854
103 13 972033 702125
103 102 351968 46075
103 6 657177 608179
103 11 14459 667487
103 87 788980 862874
103 23 571806 362666
103 77 959990 504805
103 54 114305 902601
103 56 331723 266425
103 9 268835 375435
104 42 407920 728693
104 87 797006 113950
104 48 240186 784346
104 86 627102 349273
104 111 235866 605378
105 34 481482 757852
105 102 606247 332558
105 91 341473 325806
105 5 652386 892928
105 14 874877 998860
105 40 892145 464337
105 41 490825 482331
105 81 868803 204508
106 22 269168 101095
106 95 931166 894782
106 18 912292 511570
106 99 452790 595299
106 6 230036 769761
106 98 616704 926740
106 42 545968 648687
107 7 997912 531142
107 94 340293 825252
107 35 972607 393652
107 65 422990 36711
107 83 280100 693908
107 37 360494 446860
107 27 774418 957802
108 51 520932 457685
108 61 48263 638297
108 99 157142 241825
108 23 728232 407074
108 19 82639 789477
108 69 93880 5405
108 94 612267 711805
108 100 838858 430446
108 95 660205 398475
108 14 608154 877296
108 93 597560 949181
109 67 999277 381713
109 49 78976 166354
109 48 230519 826004
109 87 499969 914924
109 94 990442 476345
110 88 539055 920748
110 103 198159 772803
110 58 968921 564347
110 22 118194 308878
110 67 527062 228181
110 13 164616 284293
111 78 96854 667351
111 10 607275 117582
111 65 91807 635462
111 76 211885 992923
111 75 218377 83220
111 102 659308 407631
111 27 59029 233552
111 103 324128 566000
