0 100
100
1 2 0 1000000
2 3 0 1000000
3 4 0 1000000
4 5 0 1000000
5 6 0 1000000
6 7 0 1000000
7 8 0 1000000
8 9 0 1000000
9 10 0 1000000
10 11 0 1000000
11 12 0 1000000
12 13 0 1000000
13 14 0 1000000
14 15 0 1000000
15 16 0 1000000
16 17 0 1000000
17 18 0 1000000
18 19 0 1000000
19 20 0 1000000
20 21 0 1000000
21 22 0 1000000
22 23 0 1000000
23 24 0 1000000
24 25 0 1000000
25 26 0 1000000
26 27 0 1000000
27 28 0 1000000
28 29 0 1000000
29 30 0 1000000
30 31 0 1000000
31 32 0 1000000
32 33 0 1000000
33 34 0 1000000
34 35 0 1000000
35 36 0 1000000
36 37 0 1000000
37 38 0 1000000
38 39 0 1000000
39 40 0 1000000
40 41 0 1000000
41 42 0 1000000
42 43 0 1000000
43 44 0 1000000
44 45 0 1000000
45 46 0 1000000
46 47 0 1000000
47 48 0 1000000
48 49 0 1000000
49 50 0 1000000
50 51 0 1000000
51 52 0 1000000
52 53 0 1000000
53 54 0 1000000
54 55 0 1000000
55 56 0 1000000
56 57 0 1000000
57 58 0 1000000
58 59 0 1000000
59 60 0 1000000
60 61 0 1000000
61 62 0 1000000
62 63 0 1000000
63 64 0 1000000
64 65 0 1000000
65 66 0 1000000
66 67 0 1000000
67 68 0 1000000
68 69 0 1000000
69 70 0 1000000
70 71 0 1000000
71 72 0 1000000
72 73 0 1000000
73 74 0 1000000
74 75 0 1000000
75 76 0 1000000
76 77 0 1000000
77 78 0 1000000
78 79 0 1000000
79 80 0 1000000
80 81 0 1000000
81 82 0 1000000
82 83 0 1000000
83 84 0 1000000
84 85 0 1000000
85 86 0 1000000
86 87 0 1000000
87 88 0 1000000
88 89 0 1000000
89 90 0 1000000
90 91 0 1000000
91 92 0 1000000
92 93 0 1000000
93 94 0 1000000
94 95 0 1000000
95 96 0 1000000
96 97 0 1000000
97 98 0 1000000
98 99 0 1000000
99 100 0 1000000
100 101 1 1000000
