0 100
100
1 2 1000000 1
2 3 1000000 1
3 4 1000000 1
4 5 1000000 1
5 6 1000000 1
6 7 1000000 1
7 8 1000000 1
8 9 1000000 1
9 10 1000000 1
10 11 1000000 1
11 12 1000000 1
12 13 1000000 1
13 14 1000000 1
14 15 1000000 1
15 16 1000000 1
16 17 1000000 1
17 18 1000000 1
18 19 1000000 1
19 20 1000000 1
20 21 1000000 1
21 22 1000000 1
22 23 1000000 1
23 24 1000000 1
24 25 1000000 1
25 26 1000000 1
26 27 1000000 1
27 28 1000000 1
28 29 1000000 1
29 30 1000000 1
30 31 1000000 1
31 32 1000000 1
32 33 1000000 1
33 34 1000000 1
34 35 1000000 1
35 36 1000000 1
36 37 1000000 1
37 38 1000000 1
38 39 1000000 1
39 40 1000000 1
40 41 1000000 1
41 42 1000000 1
42 43 1000000 1
43 44 1000000 1
44 45 1000000 1
45 46 1000000 1
46 47 1000000 1
47 48 1000000 1
48 49 1000000 1
49 50 1000000 1
50 51 1000000 1
51 52 1000000 1
52 53 1000000 1
53 54 1000000 1
54 55 1000000 1
55 56 1000000 1
56 57 1000000 1
57 58 1000000 1
58 59 1000000 1
59 60 1000000 1
60 61 1000000 1
61 62 1000000 1
62 63 1000000 1
63 64 1000000 1
64 65 1000000 1
65 66 1000000 1
66 67 1000000 1
67 68 1000000 1
68 69 1000000 1
69 70 1000000 1
70 71 1000000 1
71 72 1000000 1
72 73 1000000 1
73 74 1000000 1
74 75 1000000 1
75 76 1000000 1
76 77 1000000 1
77 78 1000000 1
78 79 1000000 1
79 80 1000000 1
80 81 1000000 1
81 82 1000000 1
82 83 1000000 1
83 84 1000000 1
84 85 1000000 1
85 86 1000000 1
86 87 1000000 1
87 88 1000000 1
88 89 1000000 1
89 90 1000000 1
90 91 1000000 1
91 92 1000000 1
92 93 1000000 1
93 94 1000000 1
94 95 1000000 1
95 96 1000000 1
96 97 1000000 1
97 98 1000000 1
98 99 1000000 1
99 100 1000000 1
100 101 1000000 1
