0 90
100
1 43 500000 195440
2 5 500000 221171
2 33 500000 670266
2 21 500000 330247
2 85 500000 584954
3 84 500000 865073
4 56 500000 906027
4 55 500000 237671
5 81 500000 591542
5 82 500000 361432
5 45 500000 46695
5 66 500000 547650
5 50 500000 791218
5 35 500000 820958
5 74 500000 569746
6 58 500000 736565
6 61 500000 834718
6 28 500000 387527
7 27 500000 613725
7 90 500000 655395
7 31 500000 39556
7 47 500000 338844
8 33 500000 306381
8 54 500000 654212
9 68 500000 980278
10 75 500000 653413
11 58 500000 819707
12 45 500000 77859
12 59 500000 670151
13 70 500000 814468
13 77 500000 201010
13 60 500000 112021
14 57 500000 715271
14 69 500000 909165
15 81 500000 706190
15 18 500000 46051
15 58 500000 76671
15 51 500000 573353
15 25 500000 260002
16 22 500000 902008
16 88 500000 272812
17 29 500000 301841
17 42 500000 658529
19 81 500000 966560
19 79 500000 558794
20 63 500000 177012
20 24 500000 604872
20 60 500000 44953
22 82 500000 981325
22 49 500000 345357
23 42 500000 713055
23 40 500000 83155
26 34 500000 464933
27 70 500000 239051
27 59 500000 687556
27 84 500000 740585
29 71 500000 283425
30 90 500000 127961
32 45 500000 528775
32 64 500000 419407
34 37 500000 574552
34 56 500000 305734
34 76 500000 271242
36 52 500000 498612
37 45 500000 755167
37 65 500000 704887
38 58 500000 389317
38 9 500000 129829
39 83 500000 666496
39 62 500000 528356
39 53 500000 780283
41 58 500000 511284
42 54 500000 406204
43 51 500000 576042
43 89 500000 585148
43 68 500000 119005
44 89 500000 907601
46 54 500000 505377
48 89 500000 247568
48 50 500000 107373
49 54 500000 563841
52 70 500000 585001
53 91 500000 264993
54 72 500000 672815
57 59 500000 497759
57 59 500000 804132
58 73 500000 700850
63 71 500000 324675
63 80 500000 40511
63 87 500000 118623
63 37 500000 266572
66 71 500000 396289
67 81 500000 741084
67 83 500000 440332
67 75 500000 964706
70 75 500000 824979
71 24 500000 326540
78 90 500000 634647
82 33 500000 481064
83 86 500000 134163
