1242 152254
42
33
47
33
43
44
34
46
39
40
869
35
49
495
32
39
44
38
43
50
40
43
45
48
507
32
48
40
30
33
32
42
44
31
973
40
238
638
30
112
35
956
36
47
33
496
35
38
44
31
40
158
34
123
41
49
43
42
39
41
37
50
43
902
34
46
891
40
35
41
814
37
40
47
48
31
606
30
33
46
36
638
40
47
47
39
509
41
45
31
48
33
49
38
50
731
35
31
47
37
48
34
34
650
30
982
47
33
761
40
30
936
16
49
42
217
50
125
40
833
13
1
39
33
41
42
50
33
460
43
35
125
32
541
39
30
2
48
50
49
41
33
412
49
46
43
41
41
49
39
40
38
463
209
38
34
49
42
39
134
46
31
34
40
49
50
34
37
39
40
34
32
44
34
32
103
270
50
30
47
48
46
35
47
37
32
44
47
46
30
47
40
30
37
49
41
42
165
46
42
46
48
41
50
31
32
42
44
490
776
627
35
49
32
971
43
41
30
36
31
48
47
30
616
33
30
30
41
521
44
32
44
37
30
33
32
31
40
44
49
34
36
33
31
49
33
48
50
426
50
30
39
199
47
41
45
915
820
42
33
221
520
39
48
47
32
36
50
32
422
41
32
41
46
42
38
33
38
48
36
42
45
45
33
35
509
33
34
34
43
47
756
47
50
48
38
32
35
34
33
50
34
838
643
37
30
34
34
766
34
31
49
37
37
42
50
192
41
46
33
590
40
811
111
35
37
250
46
34
44
42
46
831
33
49
50
40
32
44
493
39
30
45
35
46
40
34
30
532
710
47
50
41
32
39
962
34
48
45
163
45
51
33
31
32
36
45
42
40
38
30
39
264
39
715
40
39
32
853
48
46
40
49
1
44
37
858
44
293
896
31
42
37
43
36
44
36
31
50
43
45
203
42
41
15
41
31
37
632
41
43
45
49
42
31
30
36
31
39
509
38
45
46
42
426
276
235
38
738
49
291
31
49
579
33
44
81
42
44
38
32
37
34
30
42
40
41
30
411
536
47
43
99
873
33
667
34
49
275
40
45
13
644
49
48
30
32
42
402
35
40
41
50
39
50
33
36
49
34
38
79
30
40
32
46
889
44
161
35
44
24
49
31
136
38
40
48
45
610
43
32
32
40
44
409
45
41
39
242
42
40
39
44
49
50
41
32
48
37
37
50
34
43
33
34
47
36
38
43
39
605
33
44
42
73
42
37
40
36
45
35
220
35
43
45
41
36
32
37
39
35
40
39
33
31
35
50
42
49
48
50
34
40
37
529
32
42
993
46
490
32
30
35
47
33
39
33
42
49
473
50
30
38
42
35
49
34
40
30
35
44
510
45
37
45
48
43
40
32
43
40
41
33
48
94
49
43
44
44
781
46
31
37
650
49
43
41
48
38
43
50
40
46
45
36
34
38
43
32
35
31
35
49
49
45
49
260
45
613
44
994
49
42
37
40
35
30
50
972
39
35
667
35
40
33
44
33
794
49
35
34
35
33
43
44
248
32
31
34
892
46
39
36
37
46
31
47
948
49
49
41
43
31
39
834
38
39
44
46
42
514
47
47
46
41
45
35
238
16
32
31
34
46
37
31
127
39
40
40
42
42
46
38
607
44
38
38
31
42
48
32
219
47
38
32
46
46
39
35
36
45
42
31
32
38
32
33
39
49
38
32
204
47
48
48
30
45
204
30
33
37
46
32
47
38
37
34
48
45
35
45
492
40
33
43
47
50
828
43
42
36
412
44
49
46
259
48
46
41
43
33
32
48
35
846
47
44
48
47
43
49
716
43
32
40
49
43
35
48
41
835
31
42
32
283
35
47
47
48
30
30
47
48
243
44
526
34
47
152
40
37
41
822
32
48
30
240
582
37
45
37
47
48
37
40
34
275
30
41
39
35
31
218
44
37
32
194
39
657
33
40
39
49
43
976
42
39
47
46
739
491
32
44
42
39
597
33
37
30
42
33
42
43
31
46
46
46
32
34
33
50
47
948
48
32
732
45
37
37
50
40
177
563
40
46
467
44
216
30
37
804
49
48
31
50
37
252
44
40
36
33
40
42
36
50
33
48
45
30
125
34
40
34
44
30
39
909
40
33
47
33
31
46
50
735
41
33
42
35
156
49
44
49
252
404
46
35
31
34
519
40
243
37
31
32
36
809
46
107
41
32
46
41
42
50
47
816
34
518
49
43
30
79
30
750
40
39
37
49
50
36
31
775
30
47
38
37
45
34
43
34
60
46
41
46
36
41
33
36
276
31
42
794
35
47
39
37
69
50
270
50
45
826
32
32
45
44
39
32
38
41
40
42
49
31
37
33
38
186
869
46
36
36
50
216
36
915
36
44
282
39
33
34
35
37
743
41
725
2
37
34
42
42
871
215
43
50
437
45
263
755
42
43
42
45
50
38
38
48
30
42
46
31
38
45
445
26
37
40
49
48
31
45
47
44
44
42
50
39
49
779
47
240
33
35
288
35
47
36
59
34
41
40
33
40
72
36
833
35
36
42
45
34
40
34
35
43
35
526
34
689
44
269
631
46
32
45
40
41
45
48
32
36
31
50
40
50
441
32
50
36
37
34
41
545
37
37
42
47
103
35
31
50
408
48
38
149
49
42
449
34
31
32
32
44
970
34
41
766
40
42
255
37
38
31
50
30
49
45
31
31
37
47
887
776
37
35
45
177
36
33
40
111
42
32
33
509
37
722
40
31
34
30
110
41
131
43
46
36
31
47
862
44
734
37
405
48
45
41
37
410
417
30
451
66
42
36
209
45
752
1
40
48
44
43
108
37
42
32
30
39
42
