1242 153076
64
760
35
48
46
42
33
39
96
47
559
43
48
40
897
50
50
44
34
47
31
37
50
36
49
50
39
37
33
55
50
31
774
32
49
818
33
180
235
50
46
42
50
48
41
34
31
49
30
46
39
443
47
45
36
498
35
131
45
37
48
35
31
33
46
40
50
20
38
32
277
37
35
32
43
33
35
45
32
50
49
35
43
35
39
43
43
48
480
35
48
36
32
43
48
37
39
44
39
45
47
46
42
47
741
30
30
43
820
33
296
114
33
49
31
31
43
36
48
36
175
43
30
46
32
33
49
33
50
293
41
48
43
208
50
37
30
30
36
43
44
35
37
36
49
37
208
32
36
35
34
38
36
106
50
44
46
35
38
31
50
38
37
39
45
45
43
151
40
44
198
46
47
32
37
46
198
46
50
46
43
46
39
175
50
996
223
977
36
33
34
45
37
31
48
34
37
39
37
50
49
38
34
50
46
37
48
48
50
47
36
44
48
32
30
37
230
34
35
49
38
36
36
34
36
38
50
169
32
42
67
45
266
49
784
39
93
36
33
33
43
43
41
44
38
33
33
35
38
44
520
47
47
893
48
38
34
222
34
38
35
31
48
968
180
41
35
43
46
45
47
42
546
30
31
46
42
35
37
44
37
30
460
882
39
46
931
32
35
200
28
40
30
34
35
31
45
50
104
48
810
44
118
43
45
34
30
50
39
34
194
32
48
48
30
41
34
30
31
47
36
38
794
40
30
36
31
47
513
46
68
145
42
48
38
42
50
923
30
49
47
38
40
967
46
39
719
46
37
45
37
50
47
22
34
31
47
34
42
46
50
46
35
34
37
31
970
41
34
32
37
45
30
33
176
46
980
43
35
48
38
42
947
41
41
32
225
35
38
31
50
31
33
49
45
30
46
32
50
31
39
37
40
42
30
39
39
46
33
42
30
43
36
49
48
584
50
292
47
43
31
627
678
36
46
43
46
38
31
33
30
43
33
43
35
627
33
39
33
30
41
46
46
45
917
540
36
40
30
59
32
46
49
45
44
44
590
32
667
35
36
33
149
49
49
49
43
32
290
606
33
32
32
47
50
30
281
35
42
44
36
43
34
32
33
50
890
30
32
50
43
30
401
31
35
48
37
36
32
34
35
30
42
35
47
44
36
34
39
38
47
427
44
809
272
31
30
30
40
50
42
43
33
488
49
45
44
41
34
36
40
36
511
46
47
49
42
37
49
50
99
43
41
988
34
44
34
50
31
50
47
49
37
30
42
37
42
34
48
45
31
784
228
31
37
38
44
40
977
42
752
31
569
44
49
42
33
42
40
34
36
39
290
48
6
116
48
31
45
45
48
31
34
39
43
38
43
504
31
38
557
49
33
37
48
179
45
46
43
660
606
44
48
31
45
41
46
227
127
47
47
284
30
35
33
36
34
38
30
639
35
38
32
35
218
34
49
38
49
42
47
44
656
37
46
974
47
41
439
37
33
39
31
47
44
34
37
49
35
185
36
41
49
30
43
958
40
48
31
38
280
39
36
50
46
236
46
38
36
38
45
30
48
794
500
50
234
34
42
48
45
830
52
37
575
49
537
47
39
31
39
49
48
601
48
32
38
485
42
38
862
643
35
40
37
41
50
48
38
43
34
498
47
32
31
48
33
38
40
91
45
984
38
284
752
38
39
39
30
39
38
48
45
34
33
30
41
46
419
39
42
30
49
38
47
32
38
31
459
39
48
278
45
47
828
32
48
43
39
30
45
36
42
40
32
850
473
445
41
34
44
47
49
207
32
50
49
35
45
35
895
30
30
954
32
32
821
50
166
30
38
510
37
35
34
36
40
46
651
35
50
36
30
31
40
37
40
544
39
37
30
46
723
724
45
49
30
48
43
256
40
50
171
650
47
32
45
43
47
1
43
592
119
36
43
478
46
712
48
35
61
48
489
586
48
50
43
805
290
48
548
38
35
45
34
43
43
46
40
45
37
39
48
469
46
10
31
40
692
40
42
47
48
45
33
217
47
285
38
43
35
40
30
32
49
33
50
32
30
38
47
176
46
835
105
37
465
34
46
45
43
47
42
33
42
37
761
36
788
617
38
952
37
41
30
38
37
45
30
38
31
30
31
48
816
50
35
571
273
42
39
35
43
39
39
45
34
43
32
34
48
40
43
41
30
554
36
38
41
35
43
49
37
811
43
972
36
46
32
444
45
44
49
32
47
212
91
39
41
33
49
942
45
36
34
36
45
45
37
40
212
47
35
42
37
511
47
39
696
44
44
493
45
44
48
40
50
909
30
39
49
171
237
42
37
46
49
46
47
193
45
41
630
40
46
616
44
36
46
35
47
103
30
46
48
34
671
34
35
30
44
45
49
39
68
38
529
250
32
38
31
38
39
49
48
42
32
462
41
42
50
46
43
32
48
40
30
33
32
45
46
36
817
46
32
38
36
48
46
44
34
43
43
33
48
724
46
36
31
850
35
33
43
31
31
50
33
33
42
478
48
37
44
36
755
41
647
158
50
32
280
32
46
41
509
30
44
43
44
45
710
805
32
45
39
49
31
32
47
49
48
42
36
38
39
494
537
40
30
41
43
31
37
707
466
47
40
33
44
35
132
7
31
42
41
45
46
38
31
48
46
39
46
41
50
36
99
32
540
49
47
31
36
485
46
87
44
680
103
47
418
40
50
40
36
43
99
46
48
35
34
31
42
42
40
46
37
40
31
199
940
46
35
33
37
666
34
46
36
33
35
221
40
32
470
39
43
50
34
223
43
40
45
2
30
41
27
35
42
750
598
618
30
50
36
35
38
49
12
588
509
827
