1242 155210
564
738
34
42
36
118
745
40
36
290
262
34
44
30
738
36
273
41
571
44
44
46
43
41
45
41
42
31
249
37
42
45
596
36
34
50
49
36
31
837
43
45
42
46
48
944
42
46
48
50
39
38
34
45
48
491
34
925
45
32
48
971
43
39
31
33
32
37
36
30
43
50
31
44
39
36
46
125
37
30
30
223
30
47
30
46
37
553
40
221
35
50
176
48
37
30
41
38
41
32
47
30
166
35
35
47
37
35
30
49
49
46
45
455
35
42
42
50
45
47
43
42
295
47
41
33
42
37
41
33
40
37
31
36
48
34
44
44
39
37
46
44
31
45
47
43
40
246
39
33
140
34
41
34
190
738
37
41
649
36
39
48
31
43
43
701
37
457
254
829
414
45
36
41
32
36
640
47
43
36
36
739
44
50
45
37
45
42
43
42
45
39
41
43
32
39
36
31
899
39
45
47
37
737
916
33
47
31
45
36
45
38
47
33
33
43
40
41
37
924
32
40
30
36
556
46
198
45
528
35
33
35
138
47
40
48
39
34
45
44
39
49
257
36
49
853
35
37
49
40
32
36
33
37
50
35
48
748
36
31
32
31
35
43
35
41
46
31
50
32
42
36
50
46
37
32
40
217
41
50
50
37
39
39
50
42
30
38
30
48
580
38
79
32
37
795
35
48
37
47
627
43
44
36
32
37
36
45
511
31
45
36
36
44
717
39
46
50
50
38
37
271
37
146
38
35
542
41
37
30
425
43
46
528
34
45
43
31
35
34
43
49
246
45
577
41
36
30
50
48
35
44
34
47
787
42
404
129
479
34
44
40
49
41
36
36
47
39
43
48
44
107
34
42
36
35
45
31
38
39
35
38
44
37
535
45
46
32
35
46
32
31
49
39
33
694
261
46
41
36
49
48
37
574
47
176
30
33
37
30
45
516
50
37
39
46
35
44
50
146
35
32
49
37
47
31
32
45
47
127
31
32
32
43
47
36
36
35
42
778
43
48
20
429
35
32
30
30
547
39
43
35
44
33
31
861
49
34
48
45
50
43
197
31
44
38
35
805
33
241
36
36
525
35
924
46
32
30
50
49
49
31
49
243
37
34
47
197
34
46
33
30
35
822
47
39
37
43
50
30
41
45
755
39
37
898
38
451
101
49
47
38
45
31
37
43
214
989
47
34
43
40
38
33
13
106
420
31
42
38
39
40
47
34
48
43
31
31
47
37
34
42
482
47
40
90
462
37
517
46
31
45
45
43
38
40
39
538
35
41
31
990
44
38
999
47
33
44
50
36
40
99
94
34
929
44
59
49
859
42
35
36
32
32
38
31
38
32
39
36
31
43
49
47
32
48
48
39
612
897
32
967
43
42
49
927
411
37
33
47
43
34
43
31
48
477
930
45
39
281
474
47
43
32
34
46
39
37
41
31
42
49
32
30
36
33
485
49
42
44
687
35
294
36
32
49
49
49
31
40
187
37
37
46
39
47
36
32
30
46
14
45
39
767
32
44
261
37
34
35
768
31
44
39
249
32
37
41
48
49
637
45
38
31
45
36
45
46
661
35
38
588
40
36
36
40
35
44
40
729
48
40
47
34
46
49
44
259
50
43
30
30
47
46
43
30
43
40
41
37
49
49
36
915
45
39
45
44
35
34
37
46
44
702
216
32
40
38
744
46
46
43
36
46
45
47
33
34
905
30
45
50
778
47
46
49
30
47
39
33
40
32
44
30
39
31
1
47
772
30
205
950
47
48
60
48
32
40
42
44
20
671
41
508
39
39
945
40
205
883
699
31
50
510
685
30
30
34
548
794
50
30
31
46
44
49
35
42
44
45
37
49
44
36
30
31
123
42
40
44
464
47
36
44
34
37
46
36
493
49
45
32
45
778
554
40
638
40
49
37
31
32
49
39
31
46
36
37
34
32
112
34
31
30
32
31
853
49
36
30
420
45
724
36
47
44
50
417
46
47
268
32
596
43
34
808
675
44
35
43
45
45
43
36
44
39
40
38
32
38
35
624
36
37
47
31
151
32
32
34
12
50
47
36
811
49
49
46
30
49
42
125
48
144
41
47
47
49
31
47
38
48
180
46
43
43
47
36
33
41
38
45
34
49
46
44
34
46
49
31
35
50
687
45
30
46
47
96
48
106
34
49
42
34
40
30
50
38
42
43
47
33
833
31
44
46
32
31
49
34
48
49
41
46
49
35
35
44
33
31
37
48
44
42
40
591
39
44
50
817
231
852
31
36
45
34
34
946
39
31
41
31
47
47
39
43
36
43
45
35
48
35
35
45
42
936
32
43
41
37
42
205
791
31
48
46
45
39
31
26
36
43
30
43
46
38
33
30
47
42
232
49
45
40
884
39
144
46
37
49
30
173
36
47
617
45
46
32
36
43
41
48
46
45
882
36
50
42
48
35
43
53
34
722
49
600
990
300
32
50
78
48
890
32
46
30
48
178
33
42
45
298
40
135
45
30
153
45
31
41
45
854
45
44
43
46
46
32
47
30
107
82
36
458
34
49
46
47
43
50
30
43
47
46
49
48
35
45
42
39
39
49
990
42
35
44
158
266
35
178
619
38
46
39
30
215
50
431
49
41
30
535
146
38
48
39
36
47
47
990
30
114
45
42
832
249
40
36
42
43
36
33
47
50
707
31
41
42
34
31
39
36
38
35
127
45
35
33
30
33
37
34
32
49
38
50
36
737
43
73
33
37
638
37
253
454
48
42
40
46
39
40
40
47
49
44
38
37
48
36
204
271
43
32
48
50
465
814
20
30
33
46
33
179
46
36
36
38
48
50
956
48
