1243 153925
41
39
45
30
38
98
33
44
31
33
43
34
31
44
47
32
42
676
48
463
716
46
38
35
36
48
44
38
46
267
41
49
142
50
42
33
30
40
47
47
45
34
37
46
936
45
35
36
41
33
131
44
611
35
30
45
31
47
49
36
42
31
50
31
37
33
47
38
925
30
34
45
43
43
30
39
724
48
885
32
50
33
34
32
44
48
37
520
47
32
86
46
42
50
39
266
46
45
40
44
38
42
879
468
15
71
31
114
41
35
35
35
39
31
33
37
40
656
33
44
39
33
55
35
39
546
45
45
42
50
38
37
44
49
32
934
31
41
47
49
55
35
39
46
33
35
43
48
44
50
42
43
35
35
43
36
41
33
44
37
47
44
39
72
43
34
33
35
962
37
49
49
39
188
32
48
37
49
510
555
104
47
908
42
45
50
675
34
44
298
44
43
47
40
46
31
665
36
39
35
50
35
41
44
43
44
41
35
50
35
34
43
31
46
208
47
40
33
42
39
33
31
45
39
86
43
34
41
40
31
573
760
32
47
47
36
38
44
43
45
47
45
880
41
32
43
45
45
44
31
536
420
39
50
40
153
175
37
39
49
481
41
221
32
47
49
42
38
36
134
49
38
38
30
43
34
142
49
43
35
46
37
30
37
47
39
32
34
37
38
48
33
43
46
41
31
41
24
35
32
33
47
36
46
457
40
45
32
481
42
35
37
941
87
42
37
479
291
46
845
275
39
32
37
38
41
32
44
227
32
682
34
39
38
50
40
38
39
32
39
40
37
50
629
40
43
758
34
839
493
49
43
465
36
35
901
40
47
34
49
38
40
41
39
41
44
44
41
30
46
43
114
41
30
42
43
295
32
859
32
30
954
46
474
996
39
41
854
688
42
44
46
34
47
945
44
38
50
49
48
35
33
49
49
49
45
31
43
37
39
180
46
31
50
42
531
50
30
33
42
48
46
49
39
39
146
870
44
669
40
616
35
32
33
48
32
29
46
30
45
32
30
678
43
32
49
39
41
42
732
47
47
45
32
44
50
839
37
32
50
33
33
40
44
37
31
49
229
33
38
50
591
227
42
45
44
37
50
49
44
300
50
41
31
471
46
253
48
43
32
37
38
275
34
47
103
44
33
47
49
48
44
33
39
37
45
36
42
48
36
36
49
46
37
42
449
32
48
30
30
31
49
36
50
44
30
43
35
50
37
142
41
296
30
204
31
47
36
49
47
32
32
46
706
35
44
33
50
234
48
46
599
260
42
47
176
41
512
40
31
50
32
49
119
47
39
874
37
671
148
636
48
41
36
46
44
40
30
31
34
32
50
40
49
45
34
36
48
44
50
48
44
954
102
31
42
719
38
41
33
790
38
32
538
30
38
45
48
39
642
444
46
21
48
893
35
45
958
34
45
44
562
33
38
31
39
494
400
46
39
48
48
46
528
39
34
39
31
34
50
39
50
49
42
156
43
38
37
41
38
120
40
46
31
32
45
46
49
41
36
46
654
37
33
877
30
688
32
34
47
44
48
820
823
39
557
43
43
971
51
152
33
49
31
44
49
49
35
46
293
43
40
32
42
36
34
41
43
152
35
30
32
42
50
45
50
44
31
46
89
36
49
38
45
41
34
31
46
37
39
50
43
569
40
41
32
43
39
242
189
30
50
58
44
43
102
59
50
239
37
38
40
78
48
31
41
39
42
30
48
31
48
39
33
34
697
31
41
131
40
55
796
18
48
39
34
43
901
45
771
35
30
198
38
38
34
43
30
40
44
45
43
44
48
32
43
36
36
30
43
36
45
47
40
47
33
40
41
48
36
32
44
42
38
30
37
45
42
31
41
577
38
989
39
39
40
39
677
35
47
37
262
42
35
417
37
422
42
257
49
46
48
935
30
45
36
48
38
33
36
43
37
44
42
23
40
46
47
50
32
33
41
40
32
34
38
36
45
864
38
46
40
48
892
49
41
30
35
36
36
46
519
949
619
50
42
40
35
50
46
37
30
44
34
845
42
962
518
35
44
491
38
31
898
35
30
45
44
41
30
42
39
37
35
48
43
41
33
132
211
48
39
46
40
38
50
44
50
255
45
40
42
40
31
34
865
36
45
45
45
122
206
30
40
36
49
40
47
44
47
36
49
34
48
42
45
47
33
439
31
38
210
49
629
944
38
725
30
717
48
35
31
36
34
34
30
252
32
40
40
46
40
37
47
836
44
44
48
43
43
37
44
41
31
43
39
40
42
7
49
988
46
30
36
32
648
47
37
31
44
35
35
35
760
33
50
39
30
50
41
27
813
30
49
473
31
590
35
41
39
561
100
39
35
37
33
41
44
169
49
48
689
46
569
46
35
39
47
996
50
34
43
263
49
34
48
41
45
32
36
31
50
44
1
32
49
32
35
42
49
413
46
982
35
38
595
41
34
38
34
39
30
40
436
529
31
36
43
45
33
97
118
30
457
36
33
39
45
39
50
37
43
36
48
32
36
48
31
36
679
38
965
41
45
41
35
50
39
48
36
49
50
46
44
47
291
113
43
37
39
45
41
554
44
49
36
47
42
563
50
41
36
36
35
38
593
35
36
31
727
962
30
36
35
920
40
36
41
45
45
44
45
43
48
591
45
962
50
413
37
41
47
34
35
145
43
49
63
49
44
33
43
32
30
48
45
41
43
32
503
38
44
38
893
49
49
47
34
45
43
862
37
524
33
41
46
41
47
50
454
62
42
44
42
47
37
30
39
47
46
42
34
33
36
49
75
44
38
36
44
32
37
40
842
42
31
709
42
39
33
38
31
30
37
38
427
49
32
36
44
63
42
223
