0 9
1000
1 8 626306 557772
1 5 118467 557772
1 6 312736 557772
1 5 450048 557772
1 6 671869 557772
1 2 201952 557772
1 7 482291 557772
1 6 568714 557772
1 7 507334 557772
1 3 827381 557772
1 9 64476 557772
1 3 97921 557772
1 10 171372 557772
1 6 398011 557772
1 5 180738 557772
1 9 389126 557772
1 8 525467 557772
1 2 727378 557772
1 9 811336 557772
1 10 597531 557772
1 7 931086 557772
1 4 839445 557772
1 9 122362 557772
1 9 197814 557772
1 3 709986 557772
1 2 941546 557772
1 4 226041 557772
1 2 265421 557772
1 9 399062 557772
1 2 718336 557772
1 6 882137 557772
1 10 180693 557772
1 4 295642 557772
1 7 432708 557772
1 5 341485 557772
1 7 537858 557772
1 6 812213 557772
1 9 373746 557772
1 3 693457 557772
1 3 640006 557772
1 6 715169 557772
1 7 755242 557772
1 2 414215 557772
1 2 920386 557772
1 9 783962 557772
1 7 505126 557772
1 7 54440 557772
1 4 220621 557772
1 2 678489 557772
1 5 460861 557772
1 4 650076 557772
1 3 611414 557772
1 8 668460 557772
1 3 903403 557772
1 7 439176 557772
1 6 219562 557772
1 4 760504 557772
1 5 171933 557772
1 9 431196 557772
1 5 645739 557772
1 3 145545 557772
1 6 830604 557772
1 5 552541 557772
1 6 828087 557772
1 2 715833 557772
1 9 790282 557772
1 4 129639 557772
1 5 433029 557772
1 6 918940 557772
1 9 389797 557772
1 4 408220 557772
1 7 510454 557772
1 6 373758 557772
1 9 342132 557772
1 3 767907 557772
1 8 432904 557772
1 8 456832 557772
1 7 691477 557772
1 3 965279 557772
1 5 998988 557772
1 7 274667 557772
1 8 271070 557772
1 6 738258 557772
1 8 477785 557772
1 7 670792 557772
1 9 185920 557772
1 2 306924 557772
1 2 613282 557772
1 4 129336 557772
1 7 82733 557772
1 5 652441 557772
1 2 91750 557772
1 5 674684 557772
1 7 207311 557772
1 8 887808 557772
1 2 243875 557772
2 8 191293 557772
2 4 2349 557772
2 7 756398 557772
2 1 183796 557772
2 4 919056 557772
2 3 264544 557772
2 8 487243 557772
2 5 232206 557772
2 10 735464 557772
2 3 268790 557772
2 3 138008 557772
2 6 433509 557772
2 1 355831 557772
2 8 567587 557772
2 6 350014 557772
2 7 421517 557772
2 3 76415 557772
2 7 294461 557772
2 3 935812 557772
2 1 48774 557772
2 7 483415 557772
2 8 51552 557772
2 7 805378 557772
2 1 581557 557772
2 10 340972 557772
2 1 211903 557772
2 1 365489 557772
2 8 375095 557772
2 5 767749 557772
2 4 920572 557772
2 1 942227 557772
2 5 776058 557772
2 8 518720 557772
2 8 600266 557772
2 3 205179 557772
2 6 566916 557772
2 5 647040 557772
2 8 994649 557772
2 10 25892 557772
2 7 139603 557772
2 10 107901 557772
2 6 613638 557772
2 4 845844 557772
2 1 97514 557772
2 1 451430 557772
2 9 640629 557772
2 8 344316 557772
2 5 84101 557772
2 3 479734 557772
2 10 592771 557772
2 1 979070 557772
2 9 474523 557772
2 4 578527 557772
2 9 969926 557772
2 1 745426 557772
2 5 915839 557772
2 10 642957 557772
2 7 622642 557772
2 4 318305 557772
2 5 743525 557772
2 1 686939 557772
2 5 956867 557772
2 4 551983 557772
2 4 418859 557772
2 6 103895 557772
2 6 890495 557772
2 1 590645 557772
2 5 881119 557772
2 5 116955 557772
2 10 618251 557772
2 10 378183 557772
2 7 28253 557772
2 8 101267 557772
2 7 878303 557772
2 1 78018 557772
2 10 49933 557772
2 8 378147 557772
2 3 467407 557772
2 7 840833 557772
2 6 550367 557772
2 8 174206 557772
2 3 696482 557772
2 9 25708 557772
2 9 137137 557772
2 1 360943 557772
2 3 462420 557772
2 3 803803 557772
2 8 758381 557772
2 10 763144 557772
2 10 971548 557772
2 9 199472 557772
2 1 664307 557772
2 7 351740 557772
2 7 903529 557772
2 5 52682 557772
2 1 489703 557772
2 4 500185 557772
2 5 163153 557772
2 4 823833 557772
2 3 178242 557772
2 10 267978 557772
3 7 428798 557772
3 7 742268 557772
3 5 206515 557772
3 5 312666 557772
3 9 249396 557772
3 4 449387 557772
3 1 691066 557772
3 5 649351 557772
3 9 411429 557772
3 5 425063 557772
3 4 910576 557772
3 4 121003 557772
3 1 196413 557772
3 7 508046 557772
3 6 374837 557772
3 1 294486 557772
3 2 312876 557772
3 1 186219 557772
3 1 136492 557772
3 1 394062 557772
3 10 277573 557772
3 4 691227 557772
3 1 448167 557772
3 4 947335 557772
3 9 501236 557772
3 5 669889 557772
3 6 869053 557772
3 7 229751 557772
3 9 468737 557772
3 2 614006 557772
3 5 198376 557772
3 4 326100 557772
3 2 708008 557772
3 7 112671 557772
3 6 544754 557772
3 5 55059 557772
3 2 810164 557772
3 8 571434 557772
3 6 328123 557772
3 9 924886 557772
3 8 643363 557772
3 5 174613 557772
3 10 674295 557772
3 9 200059 557772
3 8 279867 557772
3 7 622611 557772
3 4 739839 557772
3 2 904604 557772
3 2 391809 557772
3 1 429677 557772
3 4 110094 557772
3 7 622307 557772
3 2 748931 557772
3 2 234797 557772
3 1 587564 557772
3 2 166458 557772
3 6 811512 557772
3 2 651072 557772
3 2 811950 557772
3 1 732997 557772
3 6 30456 557772
3 4 172114 557772
3 10 866749 557772
3 8 542510 557772
3 5 915570 557772
3 10 966326 557772
3 4 176972 557772
3 8 136249 557772
3 7 375392 557772
3 5 164754 557772
3 6 940314 557772
3 2 821207 557772
3 7 853791 557772
3 10 95919 557772
3 4 666738 557772
3 5 50220 557772
3 7 386242 557772
3 6 316031 557772
3 1 283680 557772
3 4 782126 557772
3 8 118135 557772
3 10 666286 557772
3 1 144679 557772
3 2 795223 557772
3 9 286920 557772
3 4 428610 557772
3 8 161794 557772
3 9 649155 557772
3 6 906255 557772
3 5 846275 557772
3 1 770580 557772
3 9 27334 557772
3 10 580525 557772
3 1 24958 557772
3 9 793554 557772
3 1 954272 557772
3 10 364637 557772
3 2 991447 557772
3 10 478555 557772
3 7 310139 557772
3 10 965757 557772
3 7 12791 557772
3 8 417899 557772
4 6 362712 557772
4 1 876144 557772
4 10 225019 557772
4 3 589136 557772
4 7 467416 557772
4 8 368113 557772
4 1 498326 557772
4 3 338242 557772
4 5 605918 557772
4 7 779936 557772
4 6 750761 557772
4 3 140512 557772
4 6 586822 557772
4 5 603512 557772
4 1 121014 557772
4 8 728601 557772
4 5 419789 557772
4 7 464707 557772
4 3 45626 557772
4 5 177507 557772
4 9 911788 557772
4 3 457005 557772
4 6 577766 557772
4 9 603042 557772
4 1 789505 557772
4 9 297740 557772
4 7 973549 557772
4 1 619039 557772
4 10 838752 557772
4 10 266741 557772
4 3 505765 557772
4 2 63109 557772
4 8 629126 557772
4 7 517021 557772
4 1 382113 557772
4 5 208823 557772
4 5 696096 557772
4 8 621872 557772
4 6 149332 557772
4 10 824151 557772
4 2 57918 557772
4 3 166067 557772
4 9 988789 557772
4 5 828773 557772
4 7 255876 557772
4 10 742054 557772
4 6 139032 557772
4 9 887993 557772
4 6 10897 557772
4 2 664356 557772
4 9 166471 557772
4 5 569564 557772
4 9 875397 557772
4 2 338127 557772
4 9 209873 557772
4 6 920528 557772
4 2 516145 557772
4 6 565558 557772
4 7 802094 557772
4 10 580649 557772
4 6 515808 557772
4 8 755038 557772
4 9 499985 557772
4 5 626055 557772
4 2 661850 557772
4 2 274787 557772
4 10 889950 557772
4 5 739644 557772
4 7 131049 557772
4 2 895342 557772
4 5 526559 557772
4 3 583428 557772
4 10 64795 557772
4 6 746546 557772
4 7 315041 557772
4 9 569130 557772
4 2 166762 557772
4 5 114222 557772
4 10 230860 557772
4 7 692418 557772
4 9 714073 557772
4 10 479678 557772
4 5 22224 557772
4 6 132995 557772
4 7 745620 557772
4 3 843496 557772
4 3 922500 557772
4 5 743208 557772
4 6 813161 557772
4 2 73915 557772
4 3 546299 557772
4 10 205832 557772
4 3 236002 557772
4 7 637385 557772
4 9 253042 557772
4 8 985259 557772
4 3 573452 557772
4 6 294686 557772
4 9 318655 557772
4 5 622584 557772
4 2 60285 557772
4 5 809428 557772
4 8 64238 557772
4 5 558753 557772
4 3 614582 557772
4 10 93729 557772
4 10 144741 557772
4 1 605368 557772
4 3 920933 557772
4 1 947929 557772
4 3 577389 557772
4 8 789256 557772
4 3 220483 557772
4 8 315716 557772
5 6 930795 557772
5 6 132910 557772
5 1 973689 557772
5 4 978893 557772
5 7 353108 557772
5 3 497723 557772
5 6 282945 557772
5 6 741967 557772
5 6 951698 557772
5 1 197278 557772
5 3 998023 557772
5 4 379622 557772
5 8 157978 557772
5 8 796841 557772
5 1 285858 557772
5 3 49284 557772
5 9 560484 557772
5 7 884957 557772
5 6 72232 557772
5 9 905439 557772
5 4 388546 557772
5 3 835045 557772
5 4 128535 557772
5 9 472533 557772
5 6 128480 557772
5 3 925243 557772
5 2 372587 557772
5 10 299877 557772
5 6 40894 557772
5 10 388657 557772
5 9 515561 557772
5 6 541756 557772
5 2 755983 557772
5 9 808126 557772
5 6 912997 557772
5 6 856122 557772
5 7 941183 557772
5 3 842304 557772
5 4 811233 557772
5 10 436129 557772
5 3 360750 557772
5 2 869183 557772
5 2 223590 557772
5 1 634098 557772
5 9 928239 557772
5 4 40817 557772
5 2 998400 557772
5 1 622369 557772
5 7 644584 557772
5 1 983633 557772
5 3 127124 557772
5 7 983999 557772
5 2 938800 557772
5 1 235505 557772
5 6 918230 557772
5 6 821871 557772
5 7 989925 557772
5 6 694276 557772
5 3 962356 557772
5 9 764841 557772
5 6 261913 557772
5 9 433362 557772
5 2 631182 557772
5 3 74860 557772
5 2 15865 557772
5 10 742912 557772
5 1 229020 557772
5 1 781681 557772
5 3 542071 557772
5 6 939373 557772
5 7 276491 557772
5 4 732940 557772
5 7 65981 557772
5 10 109873 557772
5 6 828623 557772
5 8 35395 557772
5 8 589135 557772
5 3 13282 557772
5 7 221408 557772
5 1 455791 557772
5 3 656052 557772
5 6 779072 557772
5 3 615928 557772
5 3 419487 557772
5 2 283629 557772
5 1 410724 557772
5 8 16495 557772
5 6 212667 557772
5 4 948672 557772
6 8 819605 557772
6 10 141363 557772
6 1 256697 557772
6 9 912233 557772
6 3 558270 557772
6 7 601276 557772
6 4 786897 557772
6 4 326852 557772
6 4 953072 557772
6 1 418481 557772
6 5 385029 557772
6 5 373239 557772
6 9 714391 557772
6 2 802471 557772
6 1 646349 557772
6 4 715656 557772
6 4 382135 557772
6 4 301850 557772
6 10 439594 557772
6 3 260177 557772
6 10 13152 557772
6 8 545564 557772
6 3 269686 557772
6 2 720342 557772
6 4 494777 557772
6 4 614697 557772
6 4 149440 557772
6 2 260969 557772
6 8 41622 557772
6 1 539573 557772
6 7 590585 557772
6 8 68432 557772
6 2 914157 557772
6 7 851557 557772
6 9 726493 557772
6 9 981034 557772
6 5 265831 557772
6 10 606399 557772
6 1 445674 557772
6 8 843217 557772
6 8 899342 557772
6 8 337684 557772
6 9 108992 557772
6 10 977045 557772
6 10 769386 557772
6 8 101661 557772
6 2 815226 557772
6 5 660032 557772
6 10 305094 557772
6 10 696158 557772
6 4 609248 557772
6 9 363308 557772
6 4 927934 557772
6 10 359635 557772
6 8 727816 557772
6 7 500687 557772
6 1 92719 557772
6 9 937095 557772
6 7 440903 557772
6 5 966301 557772
6 1 719470 557772
6 10 914635 557772
6 10 92796 557772
6 1 355177 557772
6 7 9964 557772
6 4 801243 557772
6 2 62889 557772
6 9 163075 557772
6 1 602313 557772
6 2 222254 557772
6 4 604316 557772
6 5 267308 557772
6 10 705273 557772
6 10 536181 557772
6 5 423830 557772
6 9 598905 557772
6 8 760888 557772
6 4 41148 557772
6 10 164050 557772
6 7 184781 557772
6 7 355907 557772
6 7 363360 557772
6 5 440672 557772
6 9 214601 557772
6 5 529411 557772
6 3 521163 557772
6 4 579741 557772
6 8 174434 557772
6 3 164102 557772
6 2 541377 557772
7 8 780044 557772
7 9 77444 557772
7 4 828203 557772
7 4 897091 557772
7 5 505733 557772
7 3 177269 557772
7 2 894021 557772
7 4 130805 557772
7 5 52218 557772
7 4 482574 557772
7 6 718160 557772
7 9 654527 557772
7 6 539994 557772
7 2 714077 557772
7 4 119098 557772
7 8 129674 557772
7 1 99480 557772
7 4 739021 557772
7 10 130150 557772
7 4 671707 557772
7 1 808909 557772
7 10 81418 557772
7 6 374195 557772
7 1 725189 557772
7 4 449848 557772
7 4 59362 557772
7 6 347488 557772
7 5 925660 557772
7 10 263397 557772
7 2 423611 557772
7 3 309523 557772
7 5 908280 557772
7 3 892401 557772
7 5 791237 557772
7 4 709178 557772
7 2 632784 557772
7 1 923230 557772
7 3 230193 557772
7 6 150 557772
7 9 150948 557772
7 2 364345 557772
7 6 917267 557772
7 2 596445 557772
7 9 58208 557772
7 4 608502 557772
7 4 553001 557772
7 6 388702 557772
7 9 628626 557772
7 3 665518 557772
7 5 992882 557772
7 9 931030 557772
7 10 42086 557772
7 5 955745 557772
7 9 8045 557772
7 10 932401 557772
7 3 591909 557772
7 3 33534 557772
7 10 547583 557772
7 5 212821 557772
7 9 138670 557772
7 6 207198 557772
7 3 942990 557772
7 5 548264 557772
7 6 324211 557772
7 1 79078 557772
7 6 700272 557772
7 6 733870 557772
7 4 223485 557772
7 1 832418 557772
7 5 855837 557772
7 3 148193 557772
7 1 522796 557772
7 6 751312 557772
7 3 669859 557772
7 2 638244 557772
7 9 64933 557772
7 6 184216 557772
7 1 849515 557772
7 2 899198 557772
7 10 503427 557772
7 8 525733 557772
7 1 51153 557772
7 8 678178 557772
7 1 378714 557772
7 2 349776 557772
7 6 538656 557772
7 9 44086 557772
7 8 334953 557772
7 3 621885 557772
7 6 96127 557772
7 5 345615 557772
7 8 672158 557772
7 5 234945 557772
7 3 575639 557772
7 10 526993 557772
7 3 367278 557772
7 9 974136 557772
8 10 744495 557772
8 10 369096 557772
8 4 261667 557772
8 5 990711 557772
8 6 46907 557772
8 10 520989 557772
8 4 838688 557772
8 2 393374 557772
8 7 781590 557772
8 2 433227 557772
8 5 831177 557772
8 3 78566 557772
8 3 788048 557772
8 6 729094 557772
8 10 612860 557772
8 4 802553 557772
8 6 116371 557772
8 1 422321 557772
8 3 267395 557772
8 1 333253 557772
8 9 507704 557772
8 4 800508 557772
8 6 500607 557772
8 7 831202 557772
8 6 214308 557772
8 2 866511 557772
8 9 700743 557772
8 2 282250 557772
8 5 361157 557772
8 2 64887 557772
8 4 891541 557772
8 4 297209 557772
8 9 231260 557772
8 2 683304 557772
8 5 514590 557772
8 5 548275 557772
8 6 189914 557772
8 6 976792 557772
8 9 816026 557772
8 9 254565 557772
8 3 198334 557772
8 2 87917 557772
8 10 826229 557772
8 7 338342 557772
8 6 250273 557772
8 7 502078 557772
8 7 960188 557772
8 4 314779 557772
8 10 36235 557772
8 9 550175 557772
8 10 181113 557772
8 9 212781 557772
8 2 995132 557772
8 10 643331 557772
8 6 288846 557772
8 5 286438 557772
8 6 417651 557772
8 1 61149 557772
8 5 525254 557772
8 6 266008 557772
8 2 682887 557772
8 4 572380 557772
8 9 728831 557772
8 5 428031 557772
8 10 217255 557772
8 9 569906 557772
8 4 314058 557772
8 5 132162 557772
8 3 145934 557772
8 7 719817 557772
8 4 743795 557772
8 2 918599 557772
8 3 7208 557772
8 9 654857 557772
8 6 940511 557772
8 9 235506 557772
8 5 719617 557772
8 9 778591 557772
8 5 620778 557772
8 4 343082 557772
8 3 309724 557772
8 6 941892 557772
8 1 782434 557772
8 10 471803 557772
8 4 964558 557772
8 2 274585 557772
8 1 957393 557772
8 1 803994 557772
8 10 791238 557772
8 7 64481 557772
8 10 520741 557772
8 9 305989 557772
8 10 388417 557772
8 3 200205 557772
8 9 711238 557772
8 1 978750 557772
8 2 263688 557772
8 1 74566 557772
8 9 261820 557772
8 7 694444 557772
8 4 148156 557772
8 4 111117 557772
8 6 427056 557772
8 6 748788 557772
8 7 233526 557772
8 1 73658 557772
8 9 887224 557772
8 4 375779 557772
9 8 216245 557772
9 10 889695 557772
9 6 220070 557772
9 5 447227 557772
9 10 397698 557772
9 10 598993 557772
9 6 964238 557772
9 8 56180 557772
9 3 325096 557772
9 4 487568 557772
9 4 34813 557772
9 5 290905 557772
9 8 68715 557772
9 2 35583 557772
9 5 433293 557772
9 5 983048 557772
9 7 760426 557772
9 6 562518 557772
9 1 450381 557772
9 5 198834 557772
9 2 735540 557772
9 1 522736 557772
9 2 389233 557772
9 2 958244 557772
9 1 997187 557772
9 10 622780 557772
9 4 474552 557772
9 3 592557 557772
9 6 290876 557772
9 1 726430 557772
9 5 130172 557772
9 4 394236 557772
9 7 625392 557772
9 10 731041 557772
9 5 668125 557772
9 2 43507 557772
9 4 878432 557772
9 2 811834 557772
9 3 327248 557772
9 5 670916 557772
9 4 972797 557772
9 8 976555 557772
9 1 715613 557772
9 6 159233 557772
9 8 308700 557772
9 6 625300 557772
9 4 10293 557772
9 4 100708 557772
9 1 249193 557772
9 3 918160 557772
9 4 1614 557772
9 5 666104 557772
9 2 169833 557772
9 6 503149 557772
9 2 166929 557772
9 8 402154 557772
9 10 864791 557772
9 5 989254 557772
9 4 637916 557772
9 2 86763 557772
9 10 87712 557772
9 10 572549 557772
9 5 172735 557772
9 5 861283 557772
9 1 20480 557772
9 4 833394 557772
9 1 608991 557772
9 2 146097 557772
9 1 945569 557772
9 5 306855 557772
9 5 639763 557772
9 3 394947 557772
9 7 448370 557772
9 10 217376 557772
9 3 282224 557772
9 3 935730 557772
9 7 21434 557772
9 4 115647 557772
9 8 996898 557772
9 6 643379 557772
9 7 231584 557772
9 4 595280 557772
9 2 838087 557772
9 7 456820 557772
9 8 871367 557772
9 8 174714 557772
9 8 851117 557772
9 6 380083 557772
9 8 797882 557772
9 3 587459 557772
9 10 552121 557772
9 10 957860 557772
9 5 151990 557772
9 6 74569 557772
9 3 745748 557772
9 3 328552 557772
9 2 811763 557772
9 8 384449 557772
9 1 863246 557772
9 7 205262 557772
9 8 337717 557772
9 1 647400 557772
9 2 689433 557772
9 10 792042 557772
9 4 580946 557772
9 3 679244 557772
9 6 329486 557772
9 1 830410 557772
10 2 787117 557772
10 2 569252 557772
10 7 490875 557772
10 5 26638 557772
10 7 934122 557772
10 5 635010 557772
10 8 563774 557772
10 1 243084 557772
10 5 671804 557772
10 2 987147 557772
10 1 785926 557772
10 3 94943 557772
10 4 187861 557772
10 9 313741 557772
10 5 336211 557772
10 7 263447 557772
10 1 538386 557772
10 5 850107 557772
10 3 553255 557772
10 9 920198 557772
10 1 904666 557772
10 1 714278 557772
10 9 353994 557772
10 1 848740 557772
10 4 400973 557772
10 9 922790 557772
10 4 365725 557772
10 8 284271 557772
10 6 886798 557772
10 4 20996 557772
10 5 873486 557772
10 6 979021 557772
10 1 125700 557772
10 2 307284 557772
10 4 969192 557772
10 3 748136 557772
10 1 320626 557772
10 1 622324 557772
10 9 366480 557772
10 5 410816 557772
10 2 137022 557772
10 4 789537 557772
10 8 274905 557772
10 6 622016 557772
10 6 351227 557772
10 4 306523 557772
10 1 667789 557772
10 3 777241 557772
10 8 968552 557772
10 3 992697 557772
10 1 892944 557772
10 1 346232 557772
10 5 94037 557772
10 5 408014 557772
10 7 639209 557772
10 2 402654 557772
10 5 450141 557772
10 3 821156 557772
10 2 876317 557772
10 5 894524 557772
10 9 777013 557772
10 5 883271 557772
10 5 516330 557772
10 8 458144 557772
10 8 551668 557772
10 9 970654 557772
10 5 54634 557772
10 7 861803 557772
10 5 692258 557772
10 7 216828 557772
10 8 555089 557772
10 6 618869 557772
10 5 482522 557772
10 5 164016 557772
10 1 331952 557772
10 4 549489 557772
10 4 686892 557772
10 2 709761 557772
10 9 300343 557772
10 2 48276 557772
10 1 589140 557772
10 3 730272 557772
10 6 68542 557772
10 9 815488 557772
10 5 324636 557772
10 5 515938 557772
10 1 97183 557772
10 8 43122 557772
10 1 156924 557772
10 9 211801 557772
10 6 536715 557772
10 6 261949 557772
10 8 799376 557772
10 7 20980 557772
