2 10
100
1 13 23 277042
1 3 23 778805
1 8 23 508963
1 11 23 871712
1 9 23 108169
1 13 23 820891
1 6 23 345545
1 2 23 2442
1 3 23 517282
2 12 23 398231
2 8 23 831304
2 11 23 49458
2 13 23 758865
2 11 23 586788
2 10 23 357729
2 5 23 24589
2 12 23 86873
3 10 23 853448
3 9 23 734531
3 10 23 531852
3 8 23 640331
3 1 23 521258
3 12 23 992713
3 8 23 392403
3 9 23 532646
4 10 23 372933
4 11 23 768472
4 6 23 264630
4 13 23 394145
4 10 23 375992
4 12 23 783793
4 9 23 758695
4 6 23 284383
5 10 23 789107
5 7 23 324880
5 6 23 967976
5 7 23 788485
5 9 23 620913
5 11 23 656555
5 10 23 615736
5 1 23 334364
6 12 23 217705
6 13 23 437238
6 7 23 446047
6 9 23 487416
6 4 23 172812
6 10 23 324782
6 12 23 812537
6 8 23 649511
6 5 23 394163
6 7 23 267932
7 12 23 351683
7 10 23 307302
7 9 23 3098
7 2 23 37565
7 1 23 463434
7 10 23 417048
8 10 23 997335
8 2 23 532440
8 13 23 623750
8 4 23 314630
8 5 23 1965
8 13 23 521301
8 2 23 468286
8 7 23 330297
8 6 23 328332
8 3 23 861533
9 4 23 608332
9 1 23 98637
10 8 23 523843
10 3 23 480048
10 11 23 814002
10 6 23 692445
10 3 23 861376
11 2 23 795264
11 4 23 538081
11 10 23 554352
11 6 23 958371
11 1 23 471367
11 4 23 967434
11 2 23 614559
12 13 23 568330
12 4 23 699398
12 6 23 623121
12 13 23 696497
12 4 23 148889
12 13 23 630219
12 8 23 911736
12 1 23 559306
12 6 23 791830
12 9 23 338754
12 8 23 720183
12 1 23 301563
13 9 23 478489
13 4 23 733014
13 8 23 68421
13 12 23 27605
13 12 23 262370
13 3 23 866578
13 1 23 600242
