3 10
100
1 6 543252 893041
1 8 543252 49261
1 14 543252 751711
1 8 543252 511676
1 9 543252 435174
2 12 543252 517518
2 4 543252 606181
2 11 543252 708488
2 10 543252 771789
2 5 543252 351470
2 11 543252 204935
2 12 543252 366066
2 10 543252 710937
2 3 543252 48674
3 11 543252 616026
3 10 543252 415950
3 8 543252 86799
3 6 543252 385951
3 14 543252 63998
3 7 543252 587306
3 4 543252 570292
3 14 543252 365256
3 8 543252 871246
3 1 543252 143266
4 12 543252 766852
4 13 543252 695126
4 10 543252 365713
4 5 543252 686440
4 8 543252 693447
4 12 543252 808365
4 5 543252 441665
5 8 543252 83631
5 6 543252 70557
5 10 543252 513500
5 14 543252 966271
5 6 543252 982110
5 9 543252 383433
6 1 543252 824214
6 7 543252 579064
6 7 543252 540016
6 2 543252 426157
6 10 543252 363262
6 10 543252 747833
6 9 543252 227617
6 8 543252 220209
7 8 543252 509335
7 9 543252 124892
7 13 543252 42213
7 13 543252 455065
7 8 543252 231438
7 4 543252 409150
7 10 543252 162685
7 13 543252 316046
8 11 543252 431999
8 10 543252 558707
8 13 543252 297110
8 4 543252 880073
8 5 543252 32903
8 2 543252 106554
9 14 543252 315955
9 3 543252 8068
9 11 543252 886061
9 4 543252 447890
9 8 543252 151989
9 10 543252 509801
9 7 543252 735079
9 5 543252 259944
9 12 543252 300308
9 8 543252 681355
9 4 543252 851207
9 14 543252 286356
10 7 543252 464131
10 12 543252 4670
10 1 543252 61287
10 8 543252 970163
10 6 543252 901280
11 12 543252 448926
11 13 543252 113903
11 6 543252 997761
11 9 543252 538088
11 12 543252 230735
11 13 543252 883950
11 1 543252 267501
12 1 543252 107309
12 8 543252 557521
12 8 543252 786767
12 9 543252 755026
12 5 543252 115840
13 14 543252 898099
13 4 543252 429950
13 11 543252 903205
13 7 543252 364173
13 5 543252 346371
13 11 543252 703748
13 14 543252 140320
13 3 543252 84041
13 9 543252 85800
14 5 543252 897248
14 11 543252 969625
14 9 543252 336180
