7 10
118
1 8 235 740004
1 15 235 786710
1 6 235 339509
1 12 235 515467
1 12 235 519742
1 15 235 977904
2 9 235 847138
2 17 235 44976
2 12 235 838140
2 12 235 972095
3 18 235 923147
3 13 235 370884
3 12 235 321636
3 11 235 194699
3 8 235 136353
3 2 235 672512
3 5 235 581774
3 18 235 792723
4 12 235 730328
4 8 235 694392
5 15 235 559053
5 2 235 223672
5 1 235 709062
5 10 235 923864
5 10 235 268680
5 13 235 690552
6 1 235 344298
6 15 235 633509
6 7 235 553413
6 11 235 458935
7 4 235 815225
7 15 235 820442
7 13 235 529839
7 11 235 880038
7 10 235 350073
7 4 235 485213
7 6 235 374506
8 11 235 210456
8 18 235 852082
8 16 235 900343
8 5 235 797940
8 9 235 377007
8 6 235 502452
9 13 235 995540
9 10 235 245382
9 16 235 83806
9 7 235 702290
9 8 235 202564
10 2 235 402618
10 8 235 262409
10 4 235 135344
10 8 235 783088
10 5 235 145620
10 12 235 457345
11 16 235 45889
11 12 235 848694
11 14 235 401763
11 1 235 82078
11 14 235 468030
11 13 235 634390
11 7 235 307606
12 15 235 532026
12 13 235 192558
12 6 235 97304
12 6 235 236787
12 5 235 682154
12 3 235 846582
12 17 235 152927
12 17 235 184822
13 16 235 594059
13 17 235 620076
13 17 235 104906
13 15 235 375714
13 17 235 992241
13 15 235 983225
13 14 235 518743
13 3 235 57442
13 7 235 888014
14 16 235 583176
14 4 235 819289
14 2 235 363626
14 9 235 119244
14 8 235 527980
14 1 235 981824
14 4 235 912747
14 16 235 273472
14 3 235 56313
14 8 235 762040
15 17 235 385937
15 11 235 735162
15 6 235 303173
15 7 235 509896
15 1 235 89018
15 6 235 832517
15 11 235 664703
15 9 235 632622
15 18 235 391292
15 5 235 595913
15 10 235 50253
15 1 235 551583
16 1 235 865888
16 8 235 975607
16 12 235 233098
16 17 235 384172
16 5 235 977670
17 18 235 557700
17 7 235 456380
17 3 235 440620
17 11 235 562350
17 5 235 739454
17 5 235 387363
17 15 235 633109
18 12 235 547065
18 15 235 990302
18 17 235 397363
18 10 235 328056
18 6 235 896582
18 9 235 114284
