5 10
64
1 13 395 89457
1 6 395 913269
1 3 395 533823
1 12 395 299412
2 8 395 885467
3 2 395 846694
3 8 395 840291
3 12 395 726864
5 1 395 559239
5 16 395 509686
5 15 395 510639
6 14 395 682284
6 15 395 305150
6 7 395 950255
6 3 395 722333
6 9 395 116741
6 16 395 920155
6 4 395 821632
7 1 395 433404
7 14 395 753578
8 14 395 856301
8 10 395 258080
8 11 395 848922
8 2 395 16189
8 12 395 104674
8 2 395 896169
8 9 395 394114
8 14 395 623797
8 12 395 271897
9 13 395 189528
9 16 395 21523
9 12 395 570167
9 6 395 70036
9 10 395 374290
9 11 395 631545
10 11 395 336220
10 3 395 272344
10 12 395 670981
10 7 395 69650
10 16 395 98745
10 15 395 642670
11 14 395 802220
11 9 395 170509
11 1 395 116687
12 3 395 349339
12 9 395 898239
12 5 395 645993
13 14 395 764050
13 8 395 827446
13 10 395 250255
13 10 395 731217
14 4 395 60842
14 2 395 649024
14 7 395 264493
14 13 395 446365
14 5 395 960403
14 5 395 474144
15 11 395 101353
15 5 395 584108
15 9 395 782005
16 14 395 4324
16 5 395 596790
16 15 395 726776
16 8 395 539366
