10 100
105
9 34 25926 912
9 57 33081 25091
9 39 3649 2162
9 104 30310 11335
10 95 27339 7874
11 50 13659 5458
12 69 9990 9716
13 101 26589 3367
14 47 24838 22444
15 106 40274 14642
16 96 24311 26793
17 79 23796 27238
18 22 20190 4370
18 89 18914 2273
19 56 3192 13244
20 87 14161 862
20 74 16958 5461
21 52 28767 21974
22 54 9290 14464
22 41 29128 27428
22 23 29843 16893
22 42 29041 28980
22 99 13524 18260
24 41 28130 27703
24 88 12940 23966
25 104 21777 8182
26 38 11870 29777
27 47 22233 26192
27 36 3544 6326
27 55 15050 4883
28 56 34320 26344
29 34 39385 17443
29 82 11946 18298
30 36 8440 6873
31 72 36407 15653
31 97 641 22266
31 52 5304 23966
32 72 31819 22722
32 58 15040 11073
33 69 31327 9310
34 43 22263 15900
35 46 22085 26596
36 98 22971 29721
36 83 33527 11087
36 56 2656 16313
37 73 32631 21914
38 54 30616 13658
38 61 36796 2664
39 79 26478 21813
40 64 5704 11022
41 100 7020 14838
43 65 7445 15230
43 78 11357 23673
44 52 36333 17073
44 60 22317 1261
45 52 3481 4288
46 101 37356 23784
47 87 31409 26014
47 101 25073 25783
48 54 8979 869
48 110 15835 23680
49 59 16686 19212
49 105 18803 6790
50 72 38462 26114
51 76 6957 14120
53 86 9682 12027
54 87 8462 9799
54 69 28552 28916
54 91 5287 30097
55 77 30555 3315
56 108 1727 25775
56 81 10195 10640
58 106 4111 14871
58 73 29851 8090
59 84 21734 16591
62 68 17391 26039
63 95 30445 15471
64 93 9140 6060
65 87 33797 15281
65 109 7841 18821
66 72 11916 16792
67 95 27675 25746
67 92 7743 27434
67 90 14623 17807
67 84 20985 4172
68 91 19929 5582
68 102 13594 9592
69 85 17937 18354
70 98 22083 15069
70 71 33989 5739
72 87 28605 676
75 91 13073 19081
76 102 17593 9050
77 86 23370 7806
78 103 27826 15903
80 92 31083 22037
81 108 36824 21212
84 12 25139 2645
85 111 28911 28425
87 93 2215 11161
91 94 19236 23349
92 18 1276 12014
95 101 29597 10452
96 103 20472 12636
107 109 1066 8725
