10 100
105
8 12 6959 5029
9 72 15615 21776
9 101 2561 23907
9 96 3041 15777
9 16 35908 30026
9 82 26864 9409
10 24 2580 23023
11 45 25107 18709
12 59 3719 7360
13 35 35178 2211
13 98 19813 12857
14 24 2155 22822
15 54 39002 25195
17 92 29148 3168
18 101 2614 245
19 23 18095 6863
19 98 35004 25409
20 107 26142 11028
21 59 31477 26504
21 85 19411 3910
22 111 8320 20656
23 81 36892 17915
23 42 16538 2634
24 72 21139 5700
24 49 19035 682
24 67 36554 19662
25 40 10795 3944
26 105 18968 5608
27 47 27157 22513
28 77 22723 1375
28 58 39939 25399
29 77 40011 507
29 83 21212 8856
30 57 25425 5826
31 108 31735 9084
32 66 28067 25626
33 111 9850 11559
33 74 11621 2060
34 93 20499 15807
34 51 11037 20980
35 64 6291 15528
35 48 4186 10469
35 93 38178 16043
36 72 4354 6089
36 88 28647 21752
37 46 33635 15797
37 62 21687 29014
37 65 13221 2747
38 111 24549 22284
39 58 15874 12956
40 104 29227 19179
40 73 10200 28735
41 43 9252 5682
43 95 27681 26634
43 88 7057 882
44 49 15026 21284
45 109 7525 18881
45 110 23117 13875
46 54 10604 20650
46 50 14498 22655
47 109 13656 29937
47 75 27689 24392
48 91 34921 836
49 99 21653 17474
49 80 4536 16030
52 101 26357 11086
52 89 7201 3861
52 59 6956 28069
53 94 20555 25075
53 71 27467 7341
54 100 32982 26897
54 104 14088 11518
55 99 23775 351
56 58 25310 20222
57 92 24946 3169
59 60 9088 10040
60 97 17037 29540
61 74 25083 13132
63 96 28365 17822
64 81 15335 19472
66 72 3512 5522
66 106 29001 8931
66 103 1638 12595
68 70 34440 29922
69 100 15116 11248
69 108 12298 1844
70 100 4390 4830
72 100 32875 6032
72 92 22785 9155
76 106 21338 14478
77 107 9506 13838
78 81 37711 8971
78 84 17558 18405
79 98 28204 27702
81 100 27095 19286
81 109 20272 17479
86 98 13528 2542
87 93 19218 11424
90 101 10094 28440
94 98 4480 22539
95 109 22810 27374
95 102 22195 5234
96 105 7991 27483
100 107 25902 5854
109 111 14589 9249
