10 100
105
9 25 1357 17445
9 111 32897 15253
9 106 34101 27343
9 49 12454 16389
9 31 24152 20654
9 101 19805 6191
10 83 14410 1991
10 47 15508 29771
10 67 3170 13515
11 72 10194 29007
11 88 1650 20037
12 93 38908 12749
12 73 26705 8226
13 35 39731 25833
14 111 23891 28334
14 75 19611 16710
14 100 35610 12151
14 109 38071 13500
15 59 9990 20224
15 42 16560 4120
15 73 29021 2005
16 31 33160 11844
16 81 26101 26991
16 60 24980 2741
16 28 16827 21184
17 70 35508 18448
18 75 30757 23238
19 48 24186 16239
19 86 29760 11302
20 23 30798 8123
21 97 4261 11515
22 45 4261 25419
23 106 7425 17116
24 85 29330 17469
25 51 6066 5719
25 45 34870 29712
25 59 27143 13212
25 26 10260 17932
25 110 32810 1913
25 77 38847 11263
25 50 1754 17565
27 34 20084 18772
27 87 5520 1562
29 51 12036 18610
29 34 36291 28108
29 103 19114 1950
29 66 7303 24625
30 96 4667 17342
30 46 16017 12932
32 57 9083 10716
32 80 40021 13674
33 35 9355 24739
33 107 4944 10088
35 111 16832 9416
36 74 2274 24687
37 81 21776 7416
38 97 8659 14118
39 49 12902 13674
40 97 20534 20466
41 53 35349 27201
42 63 2154 2307
43 81 1960 20145
43 78 22589 15118
44 101 26840 6315
47 98 17260 6259
48 101 3159 9510
48 72 38278 28730
52 55 22281 10556
53 59 38126 1599
53 85 32530 19022
54 101 18815 9223
55 62 17098 485
56 93 1098 24350
56 64 29773 17446
57 106 33978 14911
57 94 7280 10737
58 95 32537 10367
61 105 35726 20279
61 95 34155 6534
62 72 39552 5157
65 85 30840 27387
68 101 7850 28209
69 93 35304 22874
69 102 20274 23344
70 85 12038 13317
70 79 6284 19057
71 85 21351 17653
74 77 18929 2218
75 104 36260 23195
76 101 14319 26525
78 91 34562 25351
81 105 29529 3382
81 96 1139 12004
82 93 13214 20084
83 85 15030 1502
83 59 33476 15231
84 91 29047 13089
89 97 18649 3249
89 92 14522 3904
90 94 13150 7919
93 101 6604 2898
94 108 25340 8477
94 37 10417 23693
97 101 36019 28325
99 101 34556 13148
