10 100
105
9 79 15386 20705
10 105 8983 27599
10 42 25965 16705
11 71 30911 16221
12 50 18254 1346
12 101 20072 21084
12 67 28760 161
13 94 39193 20489
13 32 20335 2600
13 56 15333 18568
14 74 18089 9132
14 90 32674 26716
15 40 40280 2885
16 37 23297 25843
16 108 28024 9150
17 109 24527 9801
17 45 37042 28498
18 103 30151 14237
19 93 25163 247
19 69 38033 25808
19 63 13868 18599
20 74 26203 8249
20 85 19662 28312
20 27 6163 24678
21 97 514 1373
21 58 14078 18430
21 70 1562 21958
21 98 8376 21681
21 31 15287 1027
22 102 31432 3264
23 37 17584 14326
24 44 34335 25897
25 70 21276 4741
25 52 33006 7387
25 72 37309 6239
26 80 36449 13256
27 48 25993 4710
27 53 30459 18360
28 37 35862 18778
28 36 14543 19866
28 43 27681 9239
29 102 31000 25702
30 97 33594 20821
30 39 31542 3629
33 95 11600 4589
33 99 34437 17282
34 94 38165 17051
34 60 12572 8194
34 19 28039 11495
35 95 35021 26334
35 55 4895 19518
37 71 3769 28221
37 109 9538 16122
37 38 24410 28388
39 59 20826 14829
39 88 4836 20860
40 105 4577 3305
41 51 29121 17080
42 91 17350 11925
44 64 32510 10267
46 72 36783 4085
47 59 10902 10119
48 51 27852 6315
49 71 3801 14673
50 60 29273 25639
50 87 3193 27552
50 104 6640 11786
54 94 33393 29077
56 38 17304 9938
57 81 16840 16840
59 111 11219 10740
60 102 1678 8908
60 97 26476 21840
60 106 28702 24165
61 68 37461 28820
62 71 8286 14782
62 95 6553 238
62 105 16183 14716
62 73 24702 14918
64 87 24753 25872
64 110 6002 19372
65 76 17963 11084
66 101 4180 320
68 101 37811 3378
71 94 20379 19211
71 84 8776 2104
71 100 21159 27051
74 76 6633 13432
75 78 11490 13771
75 86 23257 24404
76 103 30994 20897
76 78 5746 1463
76 82 895 14880
76 107 37667 10374
77 94 22907 18382
79 85 29320 29573
80 95 17427 544
81 94 25060 27318
83 105 25233 13618
89 109 1790 25292
92 96 25130 12275
93 97 22293 1501
94 103 39115 2076
96 99 24704 24566
107 12 29223 10825
