10 100
105
9 79 6848 8908
10 42 38257 8336
11 14 5752 5108
11 66 11191 19974
12 14 21997 18110
12 90 18633 13432
12 85 18988 10202
12 97 31866 28612
12 46 35618 1010
12 37 15800 22071
13 28 23258 887
13 77 33247 4596
13 26 4515 742
13 93 34728 4061
13 99 17423 22797
14 84 9342 4240
14 54 26840 789
14 110 4337 2369
14 64 12254 27627
14 56 19971 9344
14 32 29836 3006
14 83 20576 5175
14 76 10328 7719
15 28 17899 27363
16 100 23272 15392
17 54 24692 17468
17 31 9298 20803
18 75 8070 19602
19 104 6396 7792
20 74 36380 14726
21 54 9315 16426
21 102 1267 1298
22 100 6391 142
23 98 14906 6038
24 90 32738 3505
24 51 14758 27632
25 108 19625 7990
25 101 2722 11703
25 38 23659 19417
27 61 20068 22740
28 84 38343 26794
28 71 2267 18734
28 79 34587 24841
29 58 19076 18592
30 67 31079 4138
31 87 21596 8969
32 36 6351 21061
33 106 22128 19888
33 104 7103 23918
34 66 29200 28322
34 63 12329 14940
35 49 11426 19818
39 44 34602 28823
40 71 11858 7307
41 84 5002 10051
42 81 1447 24605
43 66 38562 19252
44 100 11953 18785
45 98 20824 28572
45 68 20958 28131
47 75 27078 6968
47 64 6391 16783
48 75 941 19563
48 103 27193 12980
49 66 36346 27824
49 50 37525 4774
51 53 14903 16730
52 98 10966 14318
52 94 39355 16146
54 88 7537 28840
55 74 9204 19704
57 90 8409 6922
57 69 4409 8337
58 95 21533 10752
59 91 28538 19339
60 84 27758 26498
60 106 12313 18494
60 67 27519 16047
61 87 6801 3152
62 100 17477 6697
64 91 13844 29509
64 74 25886 5932
65 74 31987 13890
65 86 25742 20540
66 60 23000 1914
70 84 2871 6412
70 100 26660 17178
70 81 17613 15858
71 95 36795 14370
72 94 39773 9540
73 106 25372 23589
75 110 10235 4782
77 78 23169 19982
80 101 14198 20501
82 97 7156 16098
82 89 24783 25580
84 98 1494 25129
88 111 8644 10819
90 107 18684 6196
91 105 8457 3277
92 106 34932 2074
96 106 37784 14733
100 109 26533 3411
103 40 11068 27132
108 110 14239 16796
