10 100
1000
1 94 11847 318
1 4 9324 10153
1 69 21264 6867
1 2 10393 6652
2 55 39357 16843
2 43 25064 9132
2 35 14756 14095
2 39 34982 19065
2 6 17004 21991
2 1 25365 4137
2 65 4251 27935
2 3 7817 22875
2 7 8656 20841
3 27 17530 20112
3 9 15231 16261
3 37 24649 3759
3 37 15851 15532
3 107 4560 4244
3 90 22151 9196
3 5 17277 1979
3 79 31939 3076
4 42 4155 18036
4 41 29472 7974
4 57 29284 18401
4 94 14200 4943
4 106 1102 16880
4 45 37263 13427
4 20 28827 25640
4 83 39946 14959
5 38 21833 25855
5 47 21725 4575
5 72 32801 27860
5 70 20817 18148
5 42 14264 11137
5 38 17002 4640
5 59 15251 19915
5 107 21636 12312
5 12 16475 27978
6 35 37060 2910
6 17 27441 14266
6 16 1321 15657
6 82 32823 18656
6 69 17408 25643
6 87 8157 21217
6 40 31868 7726
6 66 39029 3574
6 15 26993 17389
6 11 22835 2577
6 4 7151 21747
6 28 19975 12996
6 68 16812 8759
7 103 31565 4699
7 20 3459 22300
7 74 10474 11845
7 61 39980 586
7 81 7166 27298
7 18 3657 13149
7 102 4791 25516
7 94 4930 23399
7 86 24175 14434
7 77 30601 23426
7 86 9879 21134
7 11 29633 23036
7 28 27283 23182
7 105 34989 5018
7 66 22683 22912
7 12 1093 20445
7 66 14048 10157
7 69 17388 16232
8 54 23438 21084
8 52 10187 866
8 75 14452 4879
8 74 29580 18837
8 41 16985 29869
8 78 10367 6453
8 68 12713 9115
8 88 7999 14810
8 30 37225 12836
8 36 11859 26590
9 78 23197 4346
9 109 1143 10342
9 55 18580 24475
9 101 7599 2880
9 99 3689 17581
9 1 36456 18629
9 5 11600 17007
9 53 6997 27693
9 54 22949 9313
9 90 8412 22241
9 42 9419 26651
9 55 2881 10648
9 91 18116 21768
9 27 9686 3959
9 54 21851 28778
10 58 17438 4330
10 58 22784 18324
10 96 15102 26485
10 63 34029 5333
10 29 17775 25665
10 64 20893 23565
10 61 34133 11702
10 29 14387 20366
10 79 31204 17711
11 60 20184 6341
11 90 25811 11590
11 38 28938 10291
11 15 2796 12176
11 101 17068 25204
11 62 18977 7350
11 111 20556 13443
11 63 30233 28316
11 23 33039 28173
11 23 3627 23461
12 44 24445 22684
12 52 25495 19234
12 84 5985 10816
12 7 894 4491
12 50 9163 25007
12 84 14669 22679
12 109 21609 12701
12 61 31641 21345
12 90 32514 28182
12 58 36714 25589
13 49 6947 7779
13 81 1602 15796
13 61 21689 10740
13 32 6033 7633
13 56 1491 23383
14 43 36933 15355
14 59 19689 11920
14 86 7115 15544
14 17 37278 12496
14 36 29286 7380
14 107 20539 26179
14 27 10853 16692
14 6 25861 612
14 85 1016 6374
14 95 19510 24332
15 54 24712 2193
15 91 17781 5950
15 5 448 22286
15 18 8827 747
15 3 25952 5288
15 54 20563 9445
15 7 33905 25600
15 109 624 26308
15 72 38684 5273
16 105 19044 21653
16 2 40012 27445
16 9 21910 5887
16 81 738 3087
16 79 35725 25994
16 18 19252 14177
16 85 401 7389
16 67 21354 9424
16 11 16500 8557
16 105 32278 4314
16 38 29291 26975
16 40 19229 19594
17 58 10595 6488
17 105 5381 23824
17 61 5864 29844
17 90 16773 4254
17 10 7535 2788
17 5 17725 3904
17 43 35108 29299
17 71 31029 18478
18 78 21452 17651
18 43 32048 16998
18 69 38550 22297
18 74 28886 26735
18 45 27162 13707
18 43 22820 7178
18 29 14589 27612
18 2 21878 26657
19 92 7790 10482
19 74 34224 4066
19 21 25217 11846
19 100 21366 26584
19 21 24857 7105
19 50 10922 21770
19 108 8864 4730
19 98 2113 14375
19 93 29392 24377
19 49 19585 11858
19 92 10485 24395
19 76 31574 3023
19 41 6624 21097
19 27 35320 8142
20 52 3157 13550
20 101 25469 26221
20 98 8831 17682
20 107 20840 21714
20 66 24208 1801
20 85 23430 4011
20 73 18401 22216
20 31 18749 2306
21 59 24974 1014
21 87 11094 29800
21 26 3576 11874
21 9 24430 16533
21 106 39301 21720
21 24 26430 6761
21 25 9087 4441
21 97 11218 3598
22 78 10644 17600
22 48 34678 29024
22 56 20451 26431
22 86 3672 10389
22 18 17069 19595
22 5 36335 25693
22 19 3608 24793
22 71 4733 8450
22 87 11076 11418
22 108 29822 25693
22 1 1004 27445
22 53 5690 21774
23 83 18402 9784
23 56 22722 19934
23 42 26953 14222
23 91 28738 25869
23 25 10989 10184
23 82 504 10630
23 11 35676 2352
23 68 29515 16895
23 43 33168 13814
23 3 3217 25294
24 59 23263 3379
24 36 4082 13494
24 37 34827 271
24 66 37586 2997
24 110 1922 3517
24 6 19789 13108
24 91 24349 13198
24 14 3326 10840
24 81 10241 13559
24 40 5809 28913
24 29 32165 21527
24 54 28382 12291
24 18 25979 14160
24 51 19998 20548
24 89 26430 11949
24 25 34837 6955
24 21 17248 26285
24 90 28943 20207
24 81 12467 25438
24 53 769 6327
25 46 38489 13501
25 95 12156 28781
25 29 28044 10568
25 32 2397 21335
25 49 19988 18486
25 17 34960 9883
25 61 7381 11643
25 27 17470 22288
26 61 18394 16071
26 22 36593 28531
26 5 25407 28427
26 29 3700 24577
26 111 27823 835
26 72 32260 13785
26 40 39203 5540
26 76 13755 5317
26 2 24344 3600
27 55 11023 9609
27 93 19203 4797
27 34 28391 29974
27 79 37258 11833
27 34 14848 20819
27 80 5950 11949
27 47 5608 25795
27 92 27478 15745
27 22 35618 25239
27 26 13444 6891
27 75 16749 18530
28 68 39764 26118
28 65 39645 17127
28 54 35911 29936
28 18 33327 5134
28 67 26667 26464
28 93 18484 11728
28 55 34283 2291
28 68 29413 24800
28 85 6838 24118
28 104 19233 26418
28 64 8934 27461
28 53 28605 14586
28 40 3203 4607
29 97 19632 21092
29 106 30294 9337
29 91 33482 4860
29 97 37503 17099
29 61 28238 250
30 89 22120 14677
30 2 21141 24148
30 33 38957 15815
30 66 39514 16175
30 53 26717 13440
30 39 8398 18000
30 35 13065 3780
31 101 21717 15621
31 77 1539 17229
31 39 9324 18805
31 21 27801 14873
31 89 36184 24959
31 88 20052 29050
31 90 20321 9338
31 95 23998 19634
31 29 21217 27151
31 29 4794 1161
32 59 37341 19731
32 70 8362 24942
32 8 15827 16165
32 89 25596 2121
32 51 20856 3177
32 86 10868 7024
32 100 39847 18466
32 57 37323 25905
32 18 35134 15229
32 12 28395 29477
33 108 31937 12374
33 87 30582 28122
33 95 25494 7853
33 95 17590 20965
33 14 30264 23955
33 81 11986 17487
33 79 4299 12946
33 2 34263 1155
33 69 33838 24281
33 76 36392 27005
33 42 31747 18851
34 44 14304 12015
34 24 12878 12342
34 104 3128 6807
34 2 33381 24294
34 31 14351 15256
34 106 26752 25052
34 55 30169 21603
34 104 13879 23682
35 109 38465 22083
35 50 2055 3349
35 89 7062 1225
35 55 10410 3853
35 27 2151 28408
35 89 24887 22239
35 7 11971 2253
35 85 21024 7021
35 105 18909 23952
35 72 27098 10479
35 52 34740 9280
36 3 31480 29006
36 91 10001 6593
36 34 23947 27447
36 47 35732 3356
36 71 3052 21308
36 110 1370 13044
36 44 35255 13888
37 22 4999 15191
37 40 22395 8717
37 71 8125 9251
37 35 10002 19029
37 40 4246 11647
37 17 23618 9047
38 56 38308 16540
38 70 9846 17579
38 87 22036 20663
38 30 28457 1642
38 56 21492 3133
38 51 31295 23773
38 27 786 26752
39 75 21399 22410
39 15 35926 8720
39 61 25088 4794
39 102 31785 11320
39 56 12009 17232
39 63 7549 22661
39 9 13027 26616
39 75 1727 15745
39 27 22196 27498
39 52 18372 29949
39 81 10346 21940
39 49 37650 641
39 96 34180 12071
39 15 31823 9145
40 41 9676 17278
40 15 10850 27728
40 15 26726 10951
40 101 26405 28956
40 50 4676 6004
40 98 21255 2366
40 107 37153 22007
40 107 16269 8539
40 90 37677 10897
40 24 12990 27838
41 59 18823 20301
41 60 8341 8228
41 87 580 5127
41 34 5658 28118
41 53 651 28188
41 27 34004 20472
41 17 16721 18890
42 62 6703 4341
42 89 27966 2789
42 75 28838 13642
42 45 27552 22196
42 3 19747 3539
42 68 3515 14726
42 64 10866 13023
43 106 14466 17840
43 103 7532 27315
43 83 5280 30065
43 51 23950 9274
43 107 19848 14865
43 77 31234 2094
43 33 6282 29956
43 37 20338 17941
43 77 27160 1140
43 107 2102 29204
43 40 32527 476
43 63 36325 29305
43 20 2650 15483
43 79 20637 19914
44 31 38063 16842
44 11 4760 24872
44 17 29029 23592
44 58 7000 12181
44 87 12802 25635
45 100 5669 11919
45 84 2720 7620
45 96 19617 1864
45 76 36936 11604
45 104 9173 13290
45 79 28283 25697
45 71 23925 2437
45 81 38597 346
45 107 3169 24502
45 80 32929 19779
45 9 1626 10070
45 58 16374 25837
45 37 39418 3882
46 106 21149 13062
46 25 4710 29767
46 85 28221 25403
46 10 39686 27476
46 13 12305 6683
46 95 33780 28598
46 6 4628 13915
47 81 28010 8025
47 91 26843 27538
47 98 834 24020
47 61 11913 26576
47 101 34425 23096
47 3 22257 4100
47 52 7636 16469
47 74 32740 16005
47 92 19695 15969
47 25 15877 29291
47 42 21812 18959
47 30 9207 25525
47 2 37011 1486
48 88 2826 9830
48 32 23919 28642
48 45 13299 22540
48 31 10889 22254
48 72 25696 30014
48 7 3341 30069
49 54 8946 7284
49 71 39399 2519
49 72 34895 13024
49 20 40356 1872
49 79 17436 15201
49 56 19961 15479
49 18 2048 21086
49 2 10513 26358
49 53 34922 29846
49 25 26271 5821
49 56 37574 27621
49 80 36969 15492
49 44 17688 29143
50 81 18967 28750
50 43 28543 11191
50 82 36140 10794
50 47 8556 29150
50 49 21800 2468
50 55 27310 4478
50 87 17226 29456
51 53 3424 7490
51 66 8326 8813
51 104 8582 4875
51 41 38393 9203
51 50 28100 19915
51 76 28396 20720
51 25 33191 3682
51 75 2587 17389
51 10 18460 5495
51 73 16127 27312
51 70 39597 18246
52 7 17249 28550
52 31 15278 13868
52 104 12720 27267
52 88 36206 29655
52 16 22189 7861
52 79 26487 27455
52 78 10058 7156
52 43 28912 27385
52 70 31124 11694
53 83 3231 23057
53 111 2059 24923
53 23 4072 5909
53 19 10214 28173
53 75 35831 12585
53 106 26653 11008
53 43 10419 5925
53 21 12544 28697
54 62 4190 19191
54 90 36990 10170
54 44 34130 21630
54 42 7103 18606
54 47 36508 18031
54 74 30328 25897
54 46 28141 5457
54 48 14071 23054
54 105 29183 26940
54 103 33678 13504
54 5 19562 14047
55 93 14097 691
55 86 4949 19646
55 81 19372 6655
55 46 17754 15948
55 73 20022 19035
55 26 31735 10752
55 41 16143 7786
55 62 15785 15529
55 28 6921 12432
56 95 19860 28107
56 106 30808 27333
56 68 36024 23240
57 59 7481 3958
57 70 22328 13574
57 61 22250 24843
57 16 9461 4052
57 58 16838 2486
57 26 39487 3121
57 33 21352 939
57 71 11871 28443
57 46 34228 25235
58 103 23958 15453
58 51 38318 16453
58 99 26362 7088
58 31 16634 775
58 9 2255 21470
58 40 22459 24150
58 41 21684 7049
58 19 38395 27361
58 78 39151 10447
58 6 18604 26641
58 60 5533 4226
58 25 33145 16171
58 46 14871 3061
59 82 23830 13739
59 111 12764 28789
59 63 29109 18659
59 70 6983 7625
59 29 27052 29715
59 45 10044 14214
59 23 39056 23340
59 73 34887 21925
59 2 8275 21434
59 96 4217 7460
59 25 34839 20621
59 84 2771 16469
59 82 21285 28663
60 68 8521 14495
60 36 8570 18412
60 106 11952 21540
60 18 1211 25042
60 84 36079 15221
60 61 37376 30017
60 89 14255 20759
60 45 19186 17764
60 15 5566 3040
60 57 33193 1866
60 76 6654 7793
60 23 26896 11194
60 21 3065 9711
60 52 5519 12436
60 21 3321 9855
61 43 37700 28505
61 60 25465 14413
61 67 36909 21584
61 12 3572 9512
61 83 27868 18449
61 62 2101 10584
61 21 10766 29851
61 54 1480 10528
61 39 18749 915
62 78 18653 18523
62 97 36664 2462
62 80 29876 6784
62 41 1882 9754
62 78 5001 8191
62 41 8381 8456
62 64 37648 21676
62 97 38582 10499
62 49 10305 27101
62 48 22343 3333
62 30 15776 22060
62 93 27017 21943
62 23 6820 13221
62 74 37586 11217
62 97 21451 24701
62 31 29279 21774
63 12 34713 26458
63 96 21970 20407
63 4 10853 17232
63 104 18590 19126
63 42 9617 27177
63 69 29288 3792
63 95 1238 4267
63 76 1196 4281
64 92 8531 397
64 43 21731 17598
64 3 31581 19215
64 14 6313 14176
64 35 35388 21012
64 34 17477 21690
64 1 22613 1076
65 47 7589 24757
65 34 8444 3079
65 44 10945 24222
65 94 24476 19196
66 105 23292 29698
66 14 6340 28299
66 54 32250 6076
67 109 32662 13327
67 63 2627 6544
67 37 24894 5865
67 109 39191 20229
67 105 24831 27271
67 73 10128 2716
67 8 18738 18757
67 8 23617 15364
68 75 4784 23511
68 98 16059 26482
68 6 907 7675
68 105 28416 28627
68 78 29716 25262
68 54 19136 23043
68 94 35554 27946
68 83 23235 9003
68 22 5997 16346
69 46 26899 20886
69 8 33338 2870
69 79 8109 4275
69 74 18077 5967
70 79 18358 25259
70 12 18161 13604
70 46 5826 22024
70 31 28149 5178
70 22 12500 12626
70 61 15542 19604
70 63 38044 29546
70 57 21186 17753
70 102 14761 7655
70 83 36147 28493
70 75 38238 9019
70 81 39864 3599
70 44 34031 2400
70 87 6111 26138
70 53 37004 13871
70 69 11077 14814
71 84 1678 10619
71 61 14148 3656
71 54 5569 27629
71 63 35815 16085
71 16 27510 18095
71 7 23416 15279
71 82 5361 11104
71 34 33285 7754
71 40 6873 21960
71 17 828 23478
71 15 25644 23780
72 39 20948 6039
72 66 20677 784
72 82 23704 11439
72 79 37753 27785
72 23 20320 14571
72 14 29434 9140
72 11 31411 23668
72 55 38421 9917
72 51 24112 14947
72 35 23665 6642
73 96 22088 16813
73 12 18128 3752
73 34 10899 3417
73 101 20462 26973
73 31 35825 11583
73 67 34359 25599
73 9 30685 29630
73 69 31457 7517
73 47 14857 19456
74 109 22199 24285
74 34 23448 27567
74 76 26958 17304
74 30 20805 14676
74 90 36738 6407
74 38 19404 11203
74 77 10760 23803
74 14 26501 28364
75 74 7529 8977
75 41 39579 20616
75 12 2836 12722
75 95 9950 6825
75 41 39999 23169
75 110 22990 13829
75 62 37639 19481
75 92 37767 15998
75 54 5814 15783
76 18 24815 11668
76 17 7792 22803
76 8 3370 18014
76 32 38745 17077
76 24 7364 23239
76 75 17469 19806
76 52 35245 19003
76 7 30051 15732
76 57 24461 16232
77 103 4154 22697
77 79 30513 15336
77 85 24083 5243
77 22 25926 16905
77 73 17760 25599
77 84 18922 9185
77 93 37188 20676
77 75 10267 15351
78 92 27968 21301
78 18 547 11348
78 51 37498 16080
78 8 29030 20001
78 66 8867 8875
78 16 26705 5663
78 25 23999 11637
78 98 11167 4027
78 63 28362 28590
78 31 21730 27462
78 85 35547 16146
79 43 4308 14171
79 20 6130 15753
79 101 20103 3270
79 60 18425 12865
79 42 16322 19759
79 37 8411 16525
79 13 30125 14128
80 60 5269 24763
80 32 39641 19993
80 58 20029 17063
80 35 4174 23856
80 12 6892 22510
80 7 31397 20341
80 65 32030 6205
80 96 10830 11361
80 101 4748 19785
80 106 16334 5943
81 102 6577 29992
81 44 26887 5764
81 64 628 1071
81 27 13107 7524
81 78 25770 7785
81 47 34258 3197
81 109 14219 4501
81 73 18464 20867
81 56 34180 4038
81 3 24276 19945
81 78 14390 18854
81 108 31523 13278
82 91 13653 2922
82 2 38425 10169
82 14 10137 8407
82 102 32086 14900
82 88 28491 1177
82 51 30368 16614
82 3 6504 10565
82 66 1340 7037
83 85 13556 10766
83 22 31761 20265
83 20 36467 803
83 59 38772 784
83 10 23028 19916
83 105 10771 6142
83 67 9672 7841
84 35 10584 7746
84 103 32798 22436
84 110 3271 4164
84 43 39816 8745
84 24 15780 13636
84 75 29242 8650
84 6 32917 7955
84 10 17157 5134
84 8 13648 7369
85 105 29573 24629
85 47 38680 176
85 15 2636 15107
85 56 9128 26454
85 61 39747 7154
85 108 26562 5035
85 12 27071 1079
85 86 38079 7826
86 44 37952 4658
86 96 24359 26772
86 68 34828 17709
86 92 21582 24491
86 88 26786 14657
86 8 16954 10673
86 2 22619 25725
87 109 22509 9037
87 98 21739 20725
87 100 30706 12543
87 89 30397 3827
87 35 17946 29068
87 54 5479 22847
87 21 36439 5599
88 68 8373 23019
88 35 27892 17973
88 19 5033 8866
88 53 35689 19939
88 105 33431 26234
88 50 26810 26876
89 91 15914 4475
89 54 2475 18083
89 47 23947 29309
89 7 2423 12714
89 20 19801 5345
89 29 21616 29956
89 53 10143 13305
89 8 23695 1677
89 47 26143 22473
90 101 29110 1668
90 109 14723 12087
90 100 34837 21701
90 65 7056 13227
90 65 36214 7823
91 54 34683 8149
91 84 31299 272
91 40 31070 12620
91 102 17636 17520
91 49 3426 11294
91 22 37378 23359
91 3 29803 3889
91 37 2791 25625
91 97 26242 16081
91 80 27524 29606
91 47 8121 16767
91 66 18517 10775
92 104 36824 16042
92 54 23917 10263
92 102 26233 5551
92 30 29203 24841
92 3 36479 7934
92 83 19924 10066
92 15 23541 26144
92 19 12838 22693
93 94 17294 1023
93 6 17259 10285
93 83 12726 8348
93 4 40195 22350
93 13 36476 11054
93 69 39083 24033
94 87 30725 13669
94 5 31475 12329
94 47 19804 7593
94 46 15556 11533
94 75 10687 28116
94 99 11185 6840
94 21 26109 10641
94 53 7839 21775
95 108 34658 880
95 104 35674 1650
95 30 28055 25088
95 55 24573 24244
95 3 29761 28297
95 87 7420 20275
95 42 17620 5500
95 6 15556 23106
95 70 22294 14162
95 3 15746 16719
96 60 7425 25124
96 109 15485 9822
96 49 38068 4114
96 18 3427 3397
96 21 12634 9022
97 74 6541 2883
97 77 2038 29516
97 38 5033 9671
97 35 26818 16803
97 15 21072 10223
97 59 39312 9913
97 27 38350 5588
97 50 15289 11620
97 59 19220 19414
97 38 13267 12804
97 86 38357 8675
97 48 26616 7820
97 93 36703 20723
98 50 35322 5877
98 95 35117 3873
98 80 18321 14772
98 105 27667 20622
98 26 9080 30051
98 33 28653 16984
98 77 24041 17257
98 78 37728 26044
98 36 29390 16670
98 72 7637 27950
98 90 11967 1706
99 59 17462 18685
99 60 37582 11976
99 14 17858 1435
99 51 7570 779
99 11 31279 25236
99 111 15531 18311
99 52 13053 23355
99 53 30297 26571
99 68 19203 29555
99 50 24223 20082
99 71 31302 3004
99 15 12158 18235
100 76 20459 5766
100 81 10392 10076
100 49 21364 20925
100 10 23164 29957
100 19 24615 14557
101 95 9449 22318
101 16 35431 28239
101 45 27732 11650
101 73 29508 22692
101 25 21334 700
101 65 25192 8164
102 23 32415 19965
102 35 18624 18481
102 72 31569 2700
102 55 27187 25647
102 84 28213 5779
102 5 16632 9826
102 27 17416 5963
102 62 16311 5889
103 104 11960 22043
103 88 27872 20348
103 91 34882 21093
104 91 20493 18604
104 53 19372 4623
104 92 21871 12023
104 68 6599 3316
104 86 34216 5854
104 81 27562 20864
104 21 21319 3159
105 77 19657 28967
105 52 3061 12373
105 21 2781 5903
105 39 28369 23008
105 90 9014 26407
105 97 33594 29069
105 18 9415 7563
105 53 19190 23017
105 96 32487 2776
106 43 26876 25463
106 59 10771 9573
106 84 14419 607
106 90 17200 8445
106 52 33076 20963
107 106 34283 25378
107 26 10107 861
107 56 31902 19002
107 15 24463 9107
108 109 16165 10928
108 75 19267 11409
108 102 37265 21429
108 101 22831 27858
108 77 30681 10747
109 37 26323 3830
109 6 10263 2727
109 95 36570 5423
109 87 21724 2404
109 103 4536 23579
109 58 38404 18538
109 95 23203 22053
109 110 27413 28235
109 54 39249 21540
110 65 12741 5699
110 21 23044 16121
110 7 13826 13761
110 109 27075 7825
110 81 10034 28226
111 26 36472 27278
111 62 24258 5850
111 17 4585 115
111 100 12704 13928
111 105 36222 5818
111 6 10187 8382
111 9 25563 21894
111 26 28275 12797
