10 100
1000
1 105 258062 165527
1 23 47102 132075
1 77 895234 100458
1 108 590890 349502
1 61 281530 181989
1 67 879649 189854
1 74 612014 862720
1 2 777353 634062
1 81 934693 381787
1 65 40009 739794
1 90 333339 735021
2 60 887637 2429
2 38 922646 263938
2 62 124728 341935
2 92 117476 378163
2 56 306617 730
2 7 220776 372147
2 14 614025 858444
2 70 228138 337588
2 82 253851 862046
2 85 405274 794756
2 107 48816 731872
3 5 507424 722365
3 107 279321 572346
3 40 727571 789997
4 75 38942 228642
4 19 860477 652639
4 40 655549 515620
4 64 755313 900008
4 48 32935 58172
4 57 360451 957473
4 12 486391 47922
4 36 479883 310832
4 5 459750 429682
4 106 568426 900399
4 68 861862 388301
4 7 863034 583035
5 68 404208 814430
5 38 503685 193441
5 79 130242 448385
5 69 165077 329022
5 47 389524 861921
5 44 43081 951044
5 47 54280 149239
5 102 276138 681204
5 19 36639 284455
5 29 778450 493907
6 110 999192 205867
6 51 482905 275596
6 78 689844 776253
6 22 384486 580197
6 18 570643 450431
6 86 532157 769067
6 99 627246 8941
6 34 16154 476032
7 94 208446 177309
7 27 531692 929926
7 82 912703 278426
7 97 565011 337182
7 59 131096 832112
7 36 913140 187224
7 17 904267 295472
8 77 589784 308954
8 61 838520 569407
8 49 991353 894776
8 46 496591 483758
8 16 365421 798251
8 90 253413 266425
8 78 430010 85222
8 65 654311 663886
8 36 192960 208621
8 55 126982 873728
8 39 305529 962442
8 98 843560 144091
8 88 971373 70617
8 104 839941 659147
8 91 580678 974079
8 23 89157 802934
9 53 828802 320155
9 57 202281 579143
10 86 321776 112873
10 34 662406 499779
10 64 103948 553804
10 82 422800 426609
10 69 259786 517172
10 40 750952 67102
10 34 312127 868121
10 59 965960 657734
10 40 673133 811533
11 79 554848 137475
11 12 277321 833900
11 75 141367 235426
11 6 629851 686944
11 102 428870 189553
12 60 17694 801575
12 79 906620 528496
12 109 833868 996411
12 13 386767 569894
12 53 783847 482896
12 30 670246 854642
12 32 186253 397878
12 109 689428 987557
12 74 389341 156488
12 76 573876 598543
12 83 209498 193413
12 61 639347 391278
12 5 919318 655323
12 84 845234 378301
12 19 223181 966969
12 61 460295 957040
12 89 19819 628296
12 102 809210 719209
12 39 19321 334172
12 76 113474 678228
13 83 72732 452575
13 41 812006 432111
13 40 90240 774420
13 24 430763 442032
13 33 193335 535819
13 107 768493 654208
13 89 681884 761145
14 77 420014 672854
14 73 818022 396320
14 31 739691 260467
14 39 235528 975639
14 23 794842 378691
14 25 259621 544211
14 9 505355 336839
14 84 147722 300643
14 45 316209 14154
14 71 39104 136441
14 89 639548 340861
15 57 864298 317376
15 96 323686 594660
15 8 812111 656885
15 75 343952 327489
15 31 491244 627536
15 86 453001 547288
15 38 497202 318589
16 77 345157 359549
16 24 758300 121353
16 40 902146 552145
16 39 836239 207175
16 40 374146 666610
16 87 130687 686603
16 56 486284 783670
16 105 105536 440364
16 70 246796 244785
17 73 575572 153405
17 106 855416 755070
17 82 696697 548388
17 71 7554 428553
17 52 988808 193931
17 103 209551 914401
17 22 143900 739028
17 62 978457 31384
18 47 705120 514994
18 94 455219 244729
18 67 926356 203576
18 59 616119 618185
18 70 536762 473176
18 108 348458 617042
18 10 972611 432049
18 91 757643 228414
18 1 967161 204189
19 61 555127 652812
19 24 933038 335230
19 60 851895 22087
19 43 28955 401044
19 88 790617 574329
19 75 689213 162369
19 57 152555 802138
19 109 574891 278691
19 29 981740 668220
19 110 573905 646558
19 58 682086 673447
19 49 770398 856547
20 109 922438 593283
20 98 429987 917939
20 41 836316 207362
20 51 349546 71635
20 14 164878 433929
20 56 669986 694652
20 73 268667 169173
20 92 711066 960851
20 53 601721 565816
20 6 104945 387063
21 31 230004 208202
21 12 984464 23991
21 51 134534 523012
21 96 382081 272971
21 46 450876 176583
21 59 479567 7111
21 82 57823 217610
21 96 103631 729154
21 23 318216 286054
22 36 986012 479215
22 95 568975 83446
22 43 922022 489462
22 9 459878 396994
22 88 285444 11646
22 20 383577 998401
22 64 255164 596726
23 78 867609 236041
23 79 195308 826362
23 109 471708 144861
23 58 296340 207497
23 22 366196 390584
23 80 437531 715455
23 42 504927 949871
23 78 739305 334420
24 57 395730 94880
24 48 369728 488753
24 75 316099 899269
24 59 288385 867846
24 51 919106 647860
24 60 424704 555509
24 75 288058 52032
24 61 397502 886310
24 93 927304 30798
24 6 816328 686604
24 71 178911 841837
24 4 244829 754985
24 83 208630 508184
24 87 67567 45264
24 64 957641 50875
24 107 786858 88568
24 73 798373 203032
24 1 529515 653980
25 45 571078 931763
25 102 946735 926597
25 73 558056 624262
25 12 315562 513276
25 77 212935 536137
25 89 892675 765652
26 109 119359 635250
26 105 171501 795202
26 59 404289 984883
26 109 615376 48436
27 109 532051 966873
27 47 279648 997718
27 73 949365 148750
27 12 437696 447447
27 34 63548 286116
27 58 85768 877848
27 6 274254 959767
27 25 997118 455448
27 1 120601 488107
27 41 499463 307162
27 55 599847 835577
27 74 105251 964050
27 37 429541 864445
27 21 715911 984495
27 76 546339 975319
28 57 694516 224542
28 49 341822 483635
28 53 402250 833224
28 51 504330 601014
28 89 959755 72517
28 61 445914 141490
28 85 619732 551689
28 78 315243 86495
28 1 330631 255097
28 36 304925 6466
29 79 973941 258493
29 58 642623 716108
29 81 519094 302175
29 10 637225 681632
29 22 348034 495207
29 37 294160 381286
29 79 850349 383926
29 26 918893 735374
29 46 366357 897536
29 72 612423 658319
29 1 617470 198279
29 55 857262 609544
30 103 623168 876070
30 13 5272 705527
30 8 123688 475800
30 4 186360 209118
31 62 543896 667734
31 87 283565 33177
31 80 821117 477225
31 77 835891 860003
31 94 295902 829456
31 15 231137 213592
32 39 906185 244595
32 106 994208 159945
32 69 915360 951784
32 66 45536 760565
32 37 793109 328780
32 77 847823 131155
32 68 292561 470710
33 41 616593 819267
33 99 923381 116343
33 36 620538 858313
33 20 548891 710982
33 108 274452 621953
33 41 954416 34185
33 14 630694 722362
33 38 111573 985062
34 92 167687 363434
34 76 69875 289778
34 39 596078 466574
34 40 448803 688561
34 89 898999 843306
34 94 15917 389212
34 94 704212 377495
34 91 160256 597106
34 99 632171 288981
34 11 271261 955943
35 88 973711 195989
35 39 246546 504338
35 105 924948 568417
35 47 661090 238112
35 106 285796 322099
35 26 682619 270301
35 96 268183 312505
35 25 593667 802846
35 88 172209 788292
35 67 642121 45499
35 65 373466 900375
36 70 209955 307598
36 57 52455 860061
36 99 427458 208364
36 27 810047 949490
36 86 305013 148092
36 30 536479 517336
36 83 471211 526073
36 46 782262 881306
36 3 164213 87988
36 42 490051 79585
37 67 834610 332220
37 94 514785 939355
37 42 963554 12830
37 41 615770 864574
37 27 167326 190755
37 110 806497 486971
37 77 670186 371185
37 18 32211 180885
37 110 151296 857668
37 98 471848 808413
38 44 580983 417562
38 106 102699 775181
38 19 97110 495351
38 73 908318 898944
38 1 309669 812266
38 109 422797 930885
38 95 422314 535855
38 108 476763 96168
38 109 228961 176981
38 69 779835 45465
38 93 334833 777297
38 67 613586 55607
38 26 230037 396043
39 85 528536 201807
39 110 245577 726157
39 61 988782 556282
39 94 229646 742958
39 90 989204 707297
39 59 169762 348466
39 60 234934 717884
39 107 848459 698025
39 7 338733 780017
39 34 468984 588617
39 5 26820 286844
40 94 428086 702528
40 87 222680 695908
40 1 274647 34813
40 7 382090 293387
40 27 34943 149010
40 90 818741 325520
40 88 923805 530756
40 6 142865 75116
40 20 57726 363731
40 80 840686 537511
41 51 80528 248881
41 26 877901 863984
41 56 392667 899088
41 15 315606 467641
41 72 948193 169659
41 52 844145 75771
41 27 767713 121168
42 60 445876 165442
42 50 642338 732831
42 82 254585 395363
42 78 998419 383437
42 12 330130 902181
42 44 127988 860887
42 87 429975 578800
42 97 959429 599956
42 54 220559 837125
43 62 197389 510044
43 27 44770 689583
43 44 561982 672983
43 90 726844 167624
43 44 453176 855402
43 62 866120 703654
43 66 288836 271989
43 23 138269 398536
43 45 965033 540822
44 57 647631 486675
44 26 955347 58710
44 104 6805 950696
44 18 323439 93170
44 5 136123 925977
45 62 58562 748127
45 20 62513 620969
45 98 752647 451564
45 85 62036 468780
45 5 246108 422256
45 109 982776 743946
45 68 457136 896232
45 65 639591 330190
45 17 150605 982014
45 50 438767 216016
45 39 50974 594037
45 37 309303 740853
45 27 765739 820795
45 82 901916 96626
45 68 892781 463954
46 28 397859 330759
46 58 877600 603665
46 98 549967 845661
46 37 878973 662268
46 54 638891 349190
46 27 392207 182782
46 5 855952 727080
46 33 484860 824662
46 2 133910 659639
47 67 468407 813974
47 21 791107 33442
47 85 960734 105237
47 85 923004 37170
47 102 95030 750229
48 2 843440 875014
48 34 810265 863847
48 7 681115 504506
48 62 706456 508457
48 22 985126 236872
48 64 776803 803120
48 104 876010 687675
49 108 204427 523268
49 43 835071 854657
49 107 663271 865862
49 72 55737 386460
49 26 472528 489076
49 17 973689 8966
49 31 320639 423490
49 7 314623 179608
49 98 616379 105184
49 57 555706 479661
49 97 39279 774373
49 11 551587 359693
49 31 316328 108683
50 100 229042 599681
50 69 107425 40935
50 71 391166 887819
50 92 805731 317791
50 76 845872 531627
50 79 244767 402805
51 75 272238 742248
51 12 16108 685930
51 83 310445 573538
51 68 51740 831256
51 110 816890 538316
51 25 408163 743171
51 41 239781 525402
52 110 697645 42016
52 57 789883 128314
52 86 819178 493278
52 73 995517 299998
52 110 410598 992433
52 17 550959 819402
53 59 513355 898928
53 98 180398 119319
53 87 62314 992403
53 43 506006 955798
53 3 614787 638954
53 73 360218 598484
53 71 882915 954521
53 62 778008 183883
53 67 787742 959687
53 69 439321 563889
53 84 663911 815646
53 90 367389 459464
54 92 893234 419766
54 111 712119 792765
54 3 446947 993942
54 39 274077 731101
54 2 758773 36373
54 17 885417 405704
55 86 463802 651897
55 93 954213 114663
55 108 286297 106089
55 57 87053 876193
55 52 612228 398783
55 15 35791 558730
55 81 645584 614291
55 61 52474 100716
55 68 78300 144037
55 80 805619 74603
55 85 819584 278310
55 83 645290 569236
56 60 974951 40521
56 55 816650 440484
56 27 249699 376065
56 68 793491 222289
56 20 90590 277679
56 99 370683 718707
56 30 445776 351727
57 90 216435 367209
57 65 919692 931654
57 73 240381 533200
57 5 346689 118811
57 98 851639 481930
57 108 32508 172501
57 25 57524 359665
57 30 365693 800652
57 94 327775 309447
57 92 590784 248293
58 10 807649 692800
58 79 863945 205530
58 95 927476 697344
58 48 720085 368234
58 50 983669 497040
58 26 689323 191574
58 77 610900 11233
58 3 698583 845775
58 42 85039 643539
58 70 935436 62354
58 51 294855 486325
58 3 463783 849774
59 87 666419 572780
59 101 340870 551350
59 101 395761 487456
59 60 992871 996079
59 29 737809 263305
59 72 456100 185561
59 55 725530 704426
59 42 320969 788711
59 91 989398 823723
59 9 272624 508750
59 94 631745 66341
60 73 57411 903637
60 100 512454 854115
60 97 247150 289975
60 29 680727 299174
60 87 857318 366418
60 86 657157 170885
60 86 233001 188672
60 3 198081 290845
60 105 581723 390947
61 92 31046 402331
61 88 436967 494640
61 48 95908 63713
61 38 849538 429751
61 48 388878 804287
61 109 654832 105128
61 72 123333 630800
61 66 473182 350619
61 20 318423 308305
61 33 591495 440360
61 6 697206 550761
61 81 692983 984536
61 77 932845 994345
61 91 315023 667430
61 111 915248 383376
61 107 717853 684681
61 65 748310 722391
61 97 176679 538426
61 64 167648 410132
62 86 690583 888673
62 89 792050 141026
62 66 107031 493812
62 27 838755 735632
62 75 999685 189064
62 36 468472 196832
62 28 441053 451702
62 100 75549 40224
62 70 353067 831760
62 82 807096 423692
62 61 392284 281080
62 67 50295 768116
62 32 152646 140739
62 12 504398 448415
63 86 244450 814157
63 12 329251 589040
63 1 361938 97017
63 50 693174 799560
63 56 264719 847271
63 100 619718 440081
63 6 366820 451959
63 59 119394 184654
63 38 351648 269938
63 47 309462 974064
63 101 273243 27671
64 43 379071 836804
64 71 122301 596717
64 32 375436 947614
64 104 332263 693668
64 58 476848 156855
64 47 944581 552683
64 40 707259 778541
64 92 740189 143869
64 86 96575 72212
64 2 398217 762935
65 55 803159 446150
65 88 235953 362439
65 11 44950 727760
66 3 407979 598258
67 90 284276 625895
67 63 768101 114767
67 2 23020 587015
67 106 392050 607681
67 48 630258 888587
67 24 560964 561316
67 70 161094 720564
67 49 670996 227816
67 84 356481 118894
67 52 454482 265199
68 110 771646 246777
68 35 45256 877295
68 111 562437 563590
68 9 887112 355249
68 93 566903 179063
68 59 44956 22305
68 88 797362 169155
68 84 239999 462915
68 29 612801 40069
69 71 507069 811462
69 74 6679 779271
69 71 427456 401561
69 109 686338 143010
69 72 374938 139114
69 48 434193 307673
69 2 605592 28605
69 102 492516 539875
69 5 360710 310183
69 12 276086 261522
69 1 108537 614498
69 16 929329 821465
70 73 641083 731414
70 95 825995 214607
70 99 333066 338726
70 56 668858 303970
70 47 888583 987096
70 66 32875 214130
71 83 627373 650098
71 53 821794 698374
71 16 666928 11453
71 104 311638 986588
71 92 509226 725986
71 61 198341 676695
71 72 707089 561080
71 8 17203 316978
71 99 126701 680282
72 86 690712 110758
72 100 255310 295042
72 110 844585 342591
72 101 701843 793893
72 20 830578 742603
72 67 555299 450899
72 24 172223 644652
72 53 29179 797539
72 18 618992 634412
72 56 276013 690171
72 71 256413 487417
72 84 218740 171699
72 71 38395 578991
73 87 21499 768402
73 27 816840 951168
73 111 241836 856035
73 52 414922 594654
73 9 135133 906269
73 43 686630 56471
73 22 903619 799544
73 41 276137 934658
73 88 84293 186032
73 83 404205 477879
73 19 319515 559268
73 72 722322 502540
73 19 895278 356835
73 4 220565 32173
74 78 632152 420194
74 58 189237 692172
74 111 582384 1442
74 39 562611 847556
74 22 912811 216614
74 97 419024 592686
74 37 729115 898094
74 36 767212 987643
74 20 757319 335588
74 75 663459 195743
74 68 593259 501126
75 71 377351 438170
75 27 373254 571984
75 91 765812 56973
75 37 6133 617470
75 23 741875 452220
75 94 930232 326665
75 22 44220 801971
75 70 548451 2997
75 103 44102 578352
75 58 94376 982358
75 14 362275 969044
75 71 917208 194692
75 110 785597 705424
76 109 439521 671985
76 105 413318 883887
76 36 479198 270559
76 55 423557 574764
76 61 58738 225101
76 10 207988 217845
76 10 136066 911082
76 25 488383 805860
76 87 853905 506375
76 80 824106 702500
76 59 583802 144506
77 4 117845 482980
77 24 466237 686528
77 67 668964 482564
77 54 133399 178824
77 5 241809 748652
78 83 906656 662252
78 39 301785 566863
78 108 451963 984250
78 54 609478 633931
78 26 375305 118870
78 56 808891 667622
78 55 552562 897489
78 4 266430 885191
78 71 149547 583202
78 90 156264 500550
78 75 655622 410939
78 61 852237 577835
79 102 291180 245150
79 3 545735 829892
79 4 739584 563917
79 33 386909 649697
79 28 35595 634256
79 92 935177 671607
79 96 356427 958190
79 14 723538 703363
79 100 135392 840783
80 98 785079 501271
80 84 217705 453892
80 54 428000 406485
80 53 501359 244015
80 71 873889 532956
80 50 422462 832007
80 68 576969 779943
80 34 472025 157560
81 104 463395 512317
81 29 147719 254969
81 29 364466 161076
81 98 151244 467096
81 102 267772 391794
81 78 673045 476505
81 94 770354 96096
81 66 365101 278146
81 50 523853 776551
81 41 774115 914990
81 38 896763 240889
82 48 478710 276078
82 35 971850 350778
82 23 757943 496714
82 33 653304 619149
82 100 607203 451010
82 19 456006 450542
82 36 731682 931351
82 14 920256 341207
82 81 356375 168813
83 77 715734 468327
83 19 718497 429337
83 97 981218 633770
83 3 791673 768230
83 101 965071 800865
83 110 315003 633361
84 103 534106 755317
84 99 726922 379045
84 58 84826 938652
84 14 519763 737045
84 25 691401 918110
84 30 126275 566981
84 10 712683 131342
84 64 330858 851485
84 9 372355 995737
84 56 637790 967856
85 43 124729 188379
85 47 287749 252526
85 109 284996 230747
85 88 5306 267386
85 20 877990 294707
85 50 836965 864966
86 107 852625 435298
86 102 33284 61464
86 31 566800 593760
86 73 38728 298878
86 35 660272 439695
86 83 907699 899029
86 76 843332 280806
86 104 43010 893476
86 38 291147 548123
86 4 140857 916873
86 93 45397 263782
86 79 266571 260062
86 63 435234 615986
87 80 904193 884574
87 17 322967 43225
87 43 398480 793479
87 96 400433 765229
87 15 30777 12391
87 11 207023 823318
88 111 67112 16764
88 69 523583 881536
88 77 537395 263296
88 85 352630 475612
88 91 47354 304772
88 80 269920 576574
88 6 698408 448128
88 39 33929 894732
88 18 803410 159580
89 94 494813 802862
89 24 689305 847231
89 26 450219 80946
89 25 714855 979867
89 24 338043 576838
89 21 83683 681177
89 22 427282 599231
89 4 747277 787974
90 111 938635 385224
90 28 604051 68755
90 78 306719 678663
90 73 525994 532156
90 96 612925 413115
90 39 864094 710943
90 57 826238 86180
90 24 358325 758588
90 72 150545 673814
91 109 430933 962730
91 26 738741 599448
91 59 394780 619520
91 53 312482 680750
91 62 345478 970149
91 100 589494 606994
91 18 200391 938013
91 100 979807 44834
91 9 935231 291086
92 90 261136 518811
92 43 158730 991370
92 54 708352 358117
92 95 709495 145313
93 107 79825 765376
93 15 542236 591571
93 99 31995 972142
93 84 234355 140805
93 71 486220 674124
93 109 800972 699666
93 30 673392 684289
93 87 325145 561779
93 38 50325 530947
93 3 417528 774628
93 64 621902 21599
94 21 288608 661937
94 40 555124 14553
94 108 348022 98406
94 63 154066 71362
94 64 22502 342854
94 53 683372 353996
94 27 810422 36100
95 24 410695 734985
95 8 592373 195345
95 100 829281 8265
95 14 165962 281676
95 103 908660 17134
95 9 703942 683068
95 16 727559 938924
95 44 681645 596131
95 54 510889 417050
95 107 531646 960885
95 65 806709 349475
96 26 391187 206511
96 104 671968 430837
96 71 259203 859465
96 66 893398 626100
96 49 677077 96273
97 44 474833 896959
97 4 465245 673040
97 74 516849 640578
97 73 117783 686946
97 36 588338 164982
98 79 433867 498899
98 33 802723 956324
98 92 130895 766238
98 76 893211 252855
98 92 377196 11012
98 27 396825 578715
98 92 49271 259250
98 1 358068 308642
99 68 67520 360899
99 59 415461 47682
99 22 833864 613614
99 55 714537 202348
99 8 240328 780830
99 25 168288 136587
100 85 374470 364216
100 63 4477 321589
100 17 602388 88680
100 31 333602 648384
100 109 5216 680647
100 3 615574 42125
100 47 517274 742846
100 81 53502 970725
101 63 557599 859404
101 52 318631 388561
101 36 239256 118841
101 60 336087 290096
101 67 451137 438456
101 16 606273 150213
102 98 154815 109765
102 32 51137 703961
102 17 954972 505621
102 84 360630 807766
102 44 827553 848893
102 76 291300 681624
102 10 421842 474965
103 5 807842 635782
103 32 667722 570815
103 39 275097 149627
103 43 553189 974192
103 28 519862 409216
103 69 999119 8403
104 105 79606 171432
104 27 20567 844808
104 94 252855 42985
104 73 294315 811140
104 57 491037 794311
104 47 393042 290907
104 92 548575 706845
105 53 292609 322476
105 24 66984 26561
105 75 653503 166270
105 29 596656 487418
105 15 364165 39591
105 27 346952 515564
105 86 415775 779668
106 78 177917 841806
106 74 307224 620391
106 108 851240 79846
106 20 75947 844888
106 28 370675 397298
106 51 425821 52951
106 65 252109 115833
106 13 199760 666218
106 83 843326 950554
106 52 263616 875664
107 43 717919 711838
107 96 801682 727051
107 30 595365 659201
107 96 430591 415609
107 57 924060 256496
107 78 862006 590398
107 44 229405 668299
107 33 360183 873193
107 24 866019 610237
108 38 787413 234134
108 106 276396 195222
108 26 864759 477375
108 59 161770 144373
108 63 403446 210845
108 57 481586 583815
108 63 895756 825124
108 36 852963 378379
108 71 940233 414936
108 78 175328 963760
109 57 998035 816786
109 1 73282 597159
109 41 128306 650956
109 29 321230 297484
109 10 186646 673060
109 34 103421 582745
109 75 699958 670658
109 42 606017 431532
109 88 213941 147157
109 79 125861 747604
109 14 946918 5582
109 94 900932 547062
110 70 844283 503077
110 4 622260 243317
110 17 102951 198419
110 25 703566 255129
111 103 401817 287508
111 75 806383 996609
111 24 99653 854427
111 93 146922 912147
111 97 42869 98760
111 30 86365 608508
111 94 255022 512823
111 101 211235 344600
