10 100
1000
1 96 302740 857848
1 57 76445 348323
1 70 476036 110006
2 11 263284 548530
2 56 95725 938004
2 56 692297 958348
2 9 240255 505897
2 25 999920 670783
2 19 832049 714070
2 97 162243 177599
2 59 437069 802088
3 87 599841 822572
3 110 115250 288579
3 79 724704 830741
3 48 842234 30674
3 48 867747 11448
3 80 737197 109210
3 102 894586 211809
3 53 810767 675586
3 43 800534 871229
3 103 259362 528858
3 70 519102 329112
3 19 496927 634673
3 48 570926 781781
4 71 793546 246322
4 97 212182 107609
4 53 114643 183590
4 71 437810 264579
4 60 260106 373219
4 97 293528 87833
4 94 795865 364622
4 93 752667 6672
5 67 781172 235838
5 65 915992 642120
5 9 712006 542730
5 24 419450 660869
5 79 93499 535816
6 55 706683 142887
6 42 902309 421549
6 100 850654 508683
6 60 200005 876096
6 97 98913 283318
6 73 662047 588271
6 43 668376 422815
6 33 651948 871766
6 84 68965 77617
6 60 580420 436630
7 44 785980 500779
7 30 500902 266424
7 24 691183 422719
7 79 403021 470090
7 56 850833 626892
7 107 337491 144453
7 29 797685 467655
7 110 380535 205917
7 50 907871 139289
7 62 170952 693541
7 75 647999 24204
7 13 732164 922940
7 60 361259 78201
7 32 535249 561856
7 81 902754 841377
7 101 809590 849709
7 52 804093 372572
8 75 254210 169837
8 78 318039 168102
8 46 554928 855698
8 100 869932 987490
8 43 965911 55500
8 103 82857 708935
8 82 563104 57648
8 3 227816 116136
8 22 694951 610880
9 22 260460 177883
9 50 137683 36813
9 27 427068 311814
9 59 963574 615405
9 107 496554 179871
9 96 173038 80751
9 17 230054 349561
10 12 656101 556750
10 45 236698 374329
10 80 292215 928486
10 2 100358 178380
10 25 167670 555082
11 92 821774 710240
11 83 287863 194907
11 94 880385 913467
11 23 235849 324009
11 91 779591 99445
11 69 403953 797213
11 98 69573 915050
11 27 628746 318595
11 78 979525 262517
11 18 173975 50385
12 16 235849 807690
12 31 417820 374082
12 66 327696 380339
12 8 843697 294705
12 72 667206 885385
12 8 195221 764543
12 111 980920 814600
12 33 695957 383980
12 3 794092 558807
13 44 395516 684163
13 110 901350 574244
13 77 49996 446272
13 77 683770 239812
13 104 510754 326815
13 16 389397 484613
13 81 574397 904053
13 24 931128 576400
14 92 205317 496024
14 9 396670 901625
14 13 178949 542986
14 92 217370 28513
14 42 278096 458617
15 35 933960 105682
15 57 73955 506036
15 11 941858 922292
15 25 448813 571484
15 72 300872 886798
15 50 524351 842885
15 68 21129 207743
15 87 177527 641060
15 6 926453 514905
15 85 224348 15497
15 92 11826 898133
15 87 913682 722052
15 68 234349 350500
15 66 613453 943441
15 61 591700 31579
15 19 236694 356680
15 110 757321 809373
16 22 768796 67155
16 85 252835 207969
16 106 510234 693004
16 37 782347 92435
16 71 854939 352029
16 78 678932 328731
16 109 377318 598278
16 54 225696 300241
16 36 493718 716803
16 70 663725 166028
16 65 516482 193523
16 58 677191 956821
16 66 274715 310575
16 97 599290 588889
16 43 908527 28846
16 83 863141 196967
16 22 645880 406591
16 102 82199 370611
17 40 586065 48592
17 53 249524 878087
17 103 532852 988589
17 39 9389 929557
17 9 380953 8034
17 92 641751 334324
17 26 73715 84469
17 77 724346 201997
18 105 899700 183153
18 39 410954 662313
18 10 182496 873072
18 92 861424 822696
18 88 495345 654154
18 19 360686 731918
18 43 450821 895757
18 98 311747 103513
18 12 307697 79728
18 2 794148 408207
19 48 302055 171965
19 20 827261 580298
19 50 149488 920013
19 3 356938 600847
19 100 790227 71082
19 105 640572 961010
19 16 139509 466571
19 49 847642 418279
19 103 362274 422044
19 107 913375 134230
19 102 937896 784693
20 38 666975 284113
20 47 774156 743573
20 91 61972 295713
20 5 940681 367382
20 83 664353 729784
20 24 186448 15487
20 57 640277 369657
20 35 275584 177950
20 91 918008 617932
20 3 506101 750553
20 49 194772 529356
20 48 279933 308949
20 62 952690 90741
20 16 461387 83884
20 110 165532 941316
20 95 132178 340146
21 22 794984 898979
21 93 298722 359619
21 102 174629 947159
21 75 409072 236883
21 94 267457 218917
21 76 820588 165627
21 97 924870 875568
21 60 522354 829313
21 34 507209 634154
21 18 271407 854303
21 56 818228 109279
21 29 466270 328363
21 63 132650 61337
21 29 712851 118501
21 80 552902 863231
21 47 798097 923455
21 77 185128 578891
22 90 932330 727200
22 56 620485 431816
22 107 237670 724862
22 80 740418 498149
22 44 501776 92641
22 26 507298 54324
22 76 631920 880141
22 97 956505 911570
22 103 598746 474371
22 106 371134 128979
22 72 81557 473564
22 91 879412 65223
22 98 790591 24181
22 33 474931 321312
22 73 883594 430926
22 90 190470 149746
22 106 295073 573327
23 78 979177 268589
23 88 859374 407832
23 98 985403 832784
23 86 493401 265193
23 40 47226 613420
23 11 447201 627359
23 110 912096 646386
23 3 703325 582492
24 87 360546 634287
24 72 242562 954153
24 107 350792 501764
24 47 837611 5909
24 51 163410 669854
24 42 780970 249471
24 10 315646 625197
24 97 329787 132100
25 94 124702 732155
25 107 530318 665438
25 111 791166 387294
25 82 267928 532866
25 30 859936 150051
25 106 54611 878440
25 71 721736 599444
25 41 195125 913947
25 83 567527 493755
25 58 900027 389730
25 45 545616 286432
25 37 430452 867114
26 56 870844 317176
26 73 923207 519217
26 53 373598 463428
26 58 564859 238967
26 74 319912 201408
26 50 332817 533464
27 99 281718 532786
27 12 40800 464693
27 96 913633 937358
27 28 479333 343787
27 45 41982 270661
27 67 484648 635747
27 58 868453 300635
28 58 186078 951810
28 23 70455 968046
28 85 669637 768893
28 59 351399 12941
28 40 879120 848313
28 11 605389 577592
28 16 951753 331429
28 84 316598 326433
29 52 788308 462245
29 57 969080 586878
29 35 369562 387566
29 44 844777 109155
29 19 343196 194477
29 93 498803 86555
29 35 357331 904274
29 97 297643 469
29 53 511191 497171
30 72 107652 357324
30 57 397943 82150
30 45 600835 661198
30 36 186945 111721
30 24 457919 121173
31 74 584943 429248
31 51 745012 220834
31 6 564129 327207
31 75 138413 82455
31 107 515628 826282
31 92 813812 720606
31 83 156624 932344
31 55 440015 374830
32 40 386469 418123
32 81 168450 542154
32 24 274130 719837
32 52 337686 566171
32 94 109647 461489
32 17 470118 337466
32 47 416692 102349
32 98 722426 369528
32 60 468159 301806
33 90 662200 657550
33 24 44915 23558
33 60 57729 984424
33 68 293745 33151
33 10 542467 591490
33 50 471043 145226
33 6 770454 490208
33 47 139003 648828
33 96 131217 980099
34 63 838359 595833
34 25 771849 53799
34 25 345803 274622
34 98 474559 811600
34 36 731643 697623
34 79 596970 974329
34 50 265151 174325
34 105 702307 789257
34 89 293774 456779
34 95 355073 224842
34 90 296461 102590
34 58 127368 351838
34 62 532967 246560
34 57 689994 967221
35 59 255341 490093
35 84 378755 600211
35 34 110651 388647
35 99 560448 82816
35 32 149783 445858
35 74 984933 543831
35 37 699107 978253
36 55 384537 538864
36 99 635749 386140
36 38 234393 990501
36 1 856831 846418
36 26 476723 396858
36 43 267747 738637
36 68 103615 16142
36 66 339706 121266
36 63 426369 108609
36 46 479876 496382
36 29 627296 885684
37 65 163604 49029
37 48 506778 331269
37 10 674847 369926
37 12 737904 816939
38 108 210483 627525
38 76 645311 199505
38 37 279552 957880
38 25 886307 37471
38 81 196658 790043
38 45 309126 418186
38 77 949053 405586
38 42 345793 842262
39 92 165819 958505
39 46 368568 570526
39 38 457237 902109
39 59 962638 80922
39 91 845886 660061
39 38 221043 980825
39 1 399366 111188
39 11 4813 398240
39 64 720096 324988
39 94 639702 223952
39 37 407463 156069
39 16 69835 472834
39 87 818087 713992
39 13 633285 730125
40 107 705568 274835
40 92 543104 917429
40 70 491494 973319
40 17 396499 874276
40 108 628952 775747
40 48 386752 942997
40 5 99834 733098
40 25 948301 723024
40 13 11222 764643
40 97 722501 424227
40 108 303967 514100
41 110 474075 466543
41 37 647854 302015
41 86 223286 729486
41 69 539117 110398
41 100 415950 851340
41 53 869255 16191
41 108 443853 243945
41 81 261207 787011
41 76 649831 160271
41 65 644465 178998
41 106 321902 713589
42 16 192302 581265
42 51 293779 205128
42 67 898301 48414
42 93 658206 38982
42 78 793569 356081
42 90 931997 758334
42 111 977959 717485
42 91 866198 216014
42 17 335158 704131
42 24 172031 700477
43 49 181772 622011
43 12 488281 659531
43 20 712259 186551
43 15 251097 603570
43 81 85458 372546
43 45 844271 63647
43 98 671373 157421
44 61 612967 32798
44 32 673780 942158
44 52 125161 445980
44 35 211067 85582
44 21 790795 495793
44 49 64855 896402
44 26 974032 752087
45 107 396700 392059
45 73 782898 960929
45 108 188260 124897
45 68 625414 628838
45 13 316243 127788
45 80 804671 90798
45 71 110466 452747
45 104 256696 62434
45 18 128765 864402
45 47 199023 69472
46 79 901838 580707
46 81 329994 805695
46 91 362343 362767
46 78 107553 199384
46 19 467900 586508
46 101 720552 991275
46 26 371631 583050
46 107 970723 387284
46 89 797860 853337
46 66 335277 258238
46 107 555460 196289
46 90 878007 312060
46 42 188128 271976
46 55 591605 116064
46 76 917919 135060
47 71 325112 485505
47 3 74131 340124
47 3 997133 584507
47 102 879414 777249
47 23 496376 36731
47 8 933038 874526
47 27 514326 901539
47 56 303760 830274
47 3 632068 53457
48 56 672533 919888
48 55 298078 160070
48 103 504002 851251
48 55 885114 505328
48 110 192958 765367
48 102 705467 788809
48 61 214700 773023
48 47 38964 421431
48 51 358507 722010
48 6 488404 463545
48 105 925841 928999
48 17 739048 50021
48 106 661412 58134
49 90 64776 72305
49 53 784778 688380
49 75 161964 523612
49 83 282957 239534
49 69 590308 887764
49 5 36335 48097
49 104 805762 269568
49 41 177589 360610
49 68 719761 775718
49 6 576889 265650
50 63 614562 836208
50 77 676864 47539
50 110 88023 486754
50 21 830368 919459
50 85 115842 548061
50 81 686017 818015
51 62 984431 726439
51 22 376565 423931
51 20 263954 639506
51 14 579617 394438
51 72 629940 862665
51 48 680931 636251
51 53 169037 383902
51 101 726745 547810
51 64 439804 365042
51 1 843959 358505
52 107 793725 744583
52 87 234487 744263
52 46 986071 723471
52 4 549993 140894
52 100 934192 400033
52 72 647960 617491
52 106 550506 23374
52 65 90527 355570
53 80 507142 421239
53 23 498514 114429
53 17 749694 769149
53 13 38188 325549
53 22 334768 744153
53 41 643202 119395
53 40 976638 212867
53 91 606095 195463
53 67 279651 456039
54 64 994786 135617
54 67 787139 908507
54 16 430240 849798
54 44 125869 4830
54 56 234193 845065
54 47 602496 290549
54 105 569613 734997
54 90 72180 43984
54 12 666156 255081
54 78 869728 658371
55 73 84030 805864
55 95 359065 367736
55 91 861078 890999
55 2 95208 51411
56 64 9735 196724
56 75 903429 532600
56 12 942149 212145
56 48 117520 450531
56 96 162279 368799
56 27 260160 414228
56 61 307009 790648
57 63 289252 36445
57 101 311492 530777
57 62 17113 800874
57 46 681393 457901
57 46 597775 460144
57 108 765134 774770
57 61 931647 85997
57 75 251529 699407
57 2 87577 767432
57 30 216826 245850
57 18 12280 542601
57 81 570372 365329
58 82 552219 259764
58 38 871034 644185
58 19 98330 294902
58 90 743134 879780
58 1 326953 63203
58 96 690329 939211
58 85 308104 184186
59 87 134953 150889
59 91 653265 322085
59 104 705896 751532
59 80 538375 355609
59 65 333085 159006
59 73 695022 135404
59 92 540332 902298
59 85 253748 630826
59 71 964119 146747
60 75 586372 874467
60 86 856493 573226
60 11 626967 86099
60 84 369974 886870
60 85 983571 426374
60 78 185545 277186
60 3 691871 915208
61 111 808464 71853
61 56 143627 731044
61 51 170804 592364
61 94 258907 142460
61 36 898909 421762
61 23 458300 334237
61 23 203882 472630
61 58 75098 464808
61 63 692875 641318
61 78 707439 52904
61 10 445461 139152
61 33 274492 703285
61 110 410720 258514
61 35 901367 391707
61 6 93217 294642
61 80 844685 538976
62 82 975125 637723
62 22 646518 799836
62 8 334937 215488
62 41 885834 984494
62 85 920473 383788
62 106 239783 971877
62 72 940752 391514
62 106 797063 209014
62 100 972460 871308
62 30 470365 102696
62 41 158459 791573
62 40 79008 717537
62 8 651243 716761
62 54 548684 533765
62 12 511729 794396
62 55 863458 802385
62 99 750933 355633
62 98 718540 884904
63 77 475130 928850
63 62 316750 212130
63 3 390292 779212
63 58 115802 33128
63 60 927526 714750
63 78 143484 958390
63 108 447776 714116
63 47 744085 192809
63 10 486836 936022
63 29 556775 649357
63 46 192022 273323
64 95 429125 219529
64 4 514465 679922
64 81 38918 948385
64 23 201686 366207
64 74 409633 755795
64 87 916703 671366
64 63 791031 171410
64 20 448313 807708
64 10 340003 871927
64 27 179410 114903
65 93 917520 712682
65 51 407248 74734
65 97 487657 626201
65 84 87328 787454
65 41 943212 684656
65 103 64343 524064
65 82 668336 52255
65 20 89948 730312
65 52 969025 617612
66 90 41633 745346
66 107 297197 520223
66 1 748268 700627
66 58 94624 265691
66 25 144649 116826
66 97 474478 613835
66 30 221129 632160
66 4 867233 95678
67 111 790064 949081
67 61 754959 840012
67 55 749297 377987
67 61 572423 993570
67 109 947563 6202
67 24 947899 822724
68 42 811497 623564
68 89 571645 983957
68 21 675823 662961
68 65 899346 215911
68 99 392003 881707
68 59 727970 365419
68 46 554952 244620
68 19 426928 863828
68 99 880375 341039
68 47 215482 851324
69 76 636293 372202
69 63 639482 470073
69 34 558791 427716
69 82 715669 309054
69 92 954529 875912
69 55 108292 750975
69 30 89043 973854
69 5 552334 471074
69 9 693478 139226
69 10 562960 992154
69 82 334892 603941
69 60 425620 605075
70 105 45906 484540
70 106 251950 84690
70 12 260413 400114
71 51 975422 65032
71 4 571006 273884
71 59 862539 959306
71 87 612471 428172
71 35 952959 825951
71 8 317131 322154
71 57 65653 294770
71 53 599931 968699
72 90 756105 401175
72 82 390602 826734
72 98 633835 379563
72 27 588922 826136
72 94 246086 685356
72 29 906065 231654
72 28 886439 667401
72 94 74411 806321
72 18 481138 230610
72 76 233691 812661
72 29 687689 877152
73 42 753430 448197
73 108 586791 611627
73 62 333428 961464
73 1 103216 908569
73 25 174603 442322
73 25 557182 549623
73 31 197079 518349
73 76 210224 28468
74 14 833025 37317
74 107 614701 887131
74 27 981875 895064
74 41 29858 364477
74 62 87960 418608
74 91 997771 177046
74 14 775481 954158
74 54 132791 28075
75 49 562403 119295
75 78 313842 31177
75 32 445211 773968
75 84 386299 607275
75 67 328807 378060
75 43 119325 115563
75 101 538065 422415
75 89 188990 608833
75 3 940678 609753
75 84 635518 337896
75 67 700570 14883
75 57 398048 250676
76 38 414460 697847
76 78 297041 315723
76 89 10301 620381
76 32 151327 618283
76 73 61265 723281
77 101 831832 782722
77 85 305090 905760
77 66 266309 300870
77 91 813911 833263
77 22 873011 727165
77 6 397828 184675
78 40 565727 191193
78 13 881201 319082
78 42 843822 52675
78 12 564209 193879
78 65 664102 807811
78 60 906169 43009
78 83 586412 45205
78 15 34843 957037
78 39 719506 986259
79 109 993068 491169
79 49 120500 906454
79 29 561952 37838
79 8 772907 660545
79 46 421133 813963
79 1 659561 881867
79 67 956688 445249
79 23 434247 109410
80 69 280848 12553
80 61 668345 732829
80 39 106952 692419
80 45 810776 583695
80 15 163410 308193
80 92 439181 198725
81 97 395137 21822
81 88 555365 41114
81 91 844704 902014
81 77 392840 114340
81 111 949856 392440
81 2 57663 249961
82 91 776376 855031
82 50 706235 796662
82 77 869480 554789
82 48 225410 275322
82 14 2850 391269
82 7 987849 231685
82 41 992088 345149
82 24 484872 880901
82 78 95463 139250
82 33 252478 69967
82 88 262844 553371
83 58 749452 265148
83 70 30045 645117
83 58 308202 838253
83 53 636771 210971
83 19 253072 546991
83 35 187471 622589
83 98 280705 921975
84 55 72990 551576
84 81 312738 764286
84 13 63648 576259
84 69 106838 497891
84 48 635323 18894
84 111 924781 24780
84 55 11546 309507
84 91 732687 976309
84 111 746216 194750
84 24 384991 924082
85 89 822443 525808
85 60 869297 324321
85 69 821843 201279
85 102 525132 934480
85 7 226906 476471
85 29 163093 251240
85 110 805542 896180
85 82 595115 197589
86 16 334780 808437
86 50 30294 609985
86 79 408789 814405
86 6 886007 157846
86 15 991353 728415
86 52 449174 288082
86 49 141803 943531
86 99 326950 27254
86 38 709130 350056
87 94 175005 246119
87 43 147582 446932
87 25 113664 84424
87 44 891644 19511
87 18 221882 534370
87 90 748783 231095
87 6 197148 326657
88 98 115966 32136
88 84 387315 778990
88 11 968861 369666
88 16 497 920568
88 53 798075 77347
88 60 986914 23649
88 60 100864 984685
89 5 960379 117168
89 105 40744 591933
89 80 502410 255975
89 55 397370 708689
89 39 947614 520737
89 16 573600 817431
90 10 847431 20605
90 61 364186 310831
90 50 758119 103540
90 41 341415 729198
91 47 636171 866144
91 86 243491 86082
91 101 128442 505976
91 71 309255 336708
91 73 791130 779324
91 27 340906 858495
91 10 459093 695125
91 50 656040 726972
92 55 478129 343803
92 70 178582 786214
92 24 230494 683164
92 74 715422 200275
92 7 656711 105392
93 63 621293 693565
93 71 294024 422633
93 89 637488 933963
93 87 904277 506532
93 63 102005 985113
93 22 315980 591538
93 41 86339 227357
94 52 964349 514192
94 63 162531 634573
94 44 990104 717477
94 22 385773 392953
95 31 306761 389984
95 39 132755 769695
95 4 264919 8863
95 61 93210 784900
95 41 135064 409757
95 8 679147 767087
95 79 706762 479650
95 108 964773 431025
96 108 858697 148703
96 37 249941 571785
96 37 785671 988144
96 89 825485 938518
96 12 810685 417390
96 93 586336 770018
97 105 302351 633277
97 58 468072 129360
97 100 125113 938924
97 25 889898 532136
97 20 972497 53019
97 22 17185 284334
97 29 330973 175555
97 10 409549 35196
97 19 615041 2249
98 53 494357 107851
98 19 64385 572637
98 65 587277 66874
98 87 155 980506
98 82 490482 499689
98 60 257978 311278
98 15 504329 240549
98 6 632446 966105
99 4 272995 241186
99 83 691983 325946
99 31 590097 599206
99 4 44417 782088
99 80 116300 583508
99 57 156576 654518
99 91 264560 624150
99 104 199973 874918
99 56 29773 136901
99 104 408708 203365
99 26 492382 954302
99 103 30539 684559
99 81 446021 952326
100 51 15924 222405
100 95 639762 770926
100 47 16248 410816
100 35 916847 839463
100 2 46295 505861
100 19 207456 46777
100 87 186439 438868
100 7 606021 183382
100 83 972416 143319
100 40 164079 878520
100 69 859883 517068
100 102 282294 650840
100 35 39764 217084
100 8 855863 508439
100 24 123560 933233
100 83 480423 832685
100 23 552668 901014
100 51 123292 757103
101 104 312941 981497
101 99 268074 594882
101 11 441170 565499
101 31 657481 463288
101 76 462404 741229
101 38 501889 54772
101 22 438284 282456
102 10 193068 133866
102 17 581708 563829
102 103 478954 26253
102 68 594226 852805
102 111 585613 472216
102 95 80177 725532
102 15 526403 477775
102 14 346210 626948
103 92 818480 88971
103 30 536238 734743
103 11 743891 399698
103 13 367683 856685
103 34 438201 877718
103 13 873993 367575
103 107 135588 372972
103 79 392785 333345
103 16 189754 987735
103 95 58837 51727
104 77 102217 294161
104 29 474601 286750
104 92 397703 747886
104 102 194865 916007
104 69 605382 425215
104 84 255847 20159
104 110 261614 669717
104 109 374999 623013
104 110 744381 630325
104 40 592670 699307
104 64 79942 881733
105 106 454844 19992
105 87 950872 737858
105 29 347897 60740
105 92 186479 51552
105 99 381794 781915
105 37 686414 358041
105 62 886680 313948
105 49 36417 226636
105 10 54535 378139
106 104 802889 443833
106 35 238414 943971
106 28 723899 719369
106 78 410884 55194
106 100 26681 824697
106 82 775763 131693
107 65 385706 905031
107 11 775759 142535
107 33 781508 795762
107 74 647612 965540
107 54 18461 593938
107 67 399148 506766
108 49 128276 679747
108 46 740552 301050
108 43 84864 349426
108 48 579287 184056
108 40 216948 910672
108 58 924396 515553
108 55 289078 721140
108 49 251791 285712
109 79 154788 685348
109 60 990708 542814
109 73 926217 821406
109 86 517372 96523
109 77 957325 496459
109 63 294620 89919
110 22 267092 484010
110 65 570961 340041
110 20 133329 686794
110 72 991473 436174
110 14 325635 693308
110 104 532143 424815
110 78 816555 416627
110 7 578619 964025
110 85 46909 842927
111 99 873940 839655
111 99 420469 637916
111 82 345786 958791
111 14 123602 173502
111 14 922588 854754
