10 100
1000
1 87 10557 29364
1 35 28286 16905
1 65 7407 23097
1 44 8139 29701
1 47 14121 334
1 86 13645 16955
1 39 33945 6808
1 35 34613 10285
1 23 13082 20232
2 39 13603 21016
2 57 6257 10813
2 94 7305 23742
2 41 34648 11125
2 44 30576 2678
2 48 18935 14925
2 70 12385 12094
2 18 20047 3323
2 66 10992 13865
2 43 32105 11969
3 79 37391 8918
3 70 25911 29595
3 13 39793 22121
3 40 1729 23719
3 13 3302 13077
3 70 35993 4712
3 65 24410 26507
3 36 14369 18347
3 36 2400 22628
3 63 4498 14009
3 86 20872 4405
3 13 32889 22720
3 102 31902 26836
3 46 18634 25510
3 30 34137 3187
4 12 23852 772
4 93 31309 13035
4 77 14655 921
4 26 30240 14728
4 6 29336 3825
4 51 24804 25810
4 68 2889 29659
4 99 37105 4219
4 11 19138 1917
5 76 4155 25636
5 51 1274 13042
5 37 25701 3913
5 23 24074 4124
5 43 39081 11188
5 51 2805 26859
5 52 15978 22784
5 19 38794 10857
5 54 14407 20376
5 45 1394 12473
5 108 31693 25131
5 48 20285 27165
5 14 439 27433
6 69 37916 13689
6 20 17672 28488
6 4 31366 22275
6 47 11057 19741
6 87 24645 22614
6 23 31683 4422
6 78 37236 15946
6 86 9319 13125
6 88 12883 25404
6 99 18695 1496
7 100 19111 20982
7 48 19332 758
7 49 33811 1375
7 28 37021 25244
7 37 17481 29266
7 33 31785 1350
7 101 22951 14397
7 24 3821 15645
7 13 26184 6654
7 62 34094 21343
7 65 16238 20210
7 59 25407 14264
7 41 14868 20186
8 108 26311 14492
8 78 11499 18154
8 68 29827 14969
8 50 18878 4857
8 94 11691 25721
8 77 29190 26112
8 1 26741 20749
8 27 9094 29542
8 76 23017 1062
9 16 33428 7002
9 97 4455 11572
9 83 19047 28143
9 73 25817 26160
9 50 11124 26282
9 62 28266 9028
9 108 32911 14118
10 75 18359 2500
10 62 19612 27242
10 61 12808 18630
10 31 19774 24647
10 78 38093 10152
10 6 26826 15329
10 21 6136 24386
10 54 10413 1627
10 68 6942 6995
10 54 38626 16305
10 107 25200 3407
10 71 6772 2198
11 25 15294 7708
11 58 38068 18226
11 90 4923 25508
11 32 22452 11893
11 5 8553 9264
11 82 19759 27313
11 3 1964 20099
12 108 31286 5232
12 22 20453 11765
12 40 38428 25666
12 34 18705 1415
12 20 19976 2832
12 23 34808 10550
12 14 16367 10500
12 35 19041 11165
13 17 18386 28185
13 57 7790 3968
13 44 17407 13755
13 48 12530 686
13 92 22442 26345
13 43 16749 20025
13 15 19163 7502
13 37 34888 1811
14 84 21212 897
14 74 35580 24901
14 94 23218 3423
14 92 2078 27323
14 104 24265 4678
14 86 21794 15610
14 44 13261 18398
14 98 23106 12270
14 40 38475 29214
14 25 26190 20348
14 35 19667 25340
14 15 22114 27168
15 83 2987 18681
15 19 7440 3777
15 69 11588 14849
15 74 8352 9532
15 25 36693 24886
15 9 33482 1292
15 96 23202 28075
15 80 18557 15063
15 51 15988 7169
15 46 39408 29152
15 67 18966 13954
15 14 31035 16407
16 85 40031 9109
16 91 9606 6073
16 100 8405 29493
16 111 33001 20350
16 22 19149 2694
16 49 11933 26744
16 13 33079 27793
16 61 26973 10576
16 15 34360 11195
16 47 18763 11384
16 54 38337 26038
16 45 20982 20800
16 83 5585 28709
16 32 33971 20843
17 95 38058 18772
17 5 27659 12738
17 97 40093 21470
17 36 37411 16237
17 88 35078 8635
17 45 32047 9028
17 82 7581 23700
17 101 33618 26961
18 43 33832 16796
18 76 4108 2019
18 111 13534 13943
18 15 31793 9520
18 86 19125 14599
18 89 19318 27232
18 26 1656 8891
19 76 37079 7251
19 56 4326 20327
19 36 16238 13972
19 80 8926 5266
19 27 35135 15419
19 109 18660 4256
19 9 15633 9773
19 33 22502 26731
20 59 38972 10031
20 18 30014 18160
20 5 38323 2102
20 96 31962 24202
20 105 19724 23020
21 81 21208 10297
21 57 21806 4383
21 73 6375 231
21 111 31400 21253
22 23 10286 2044
22 63 21982 1150
22 26 34062 18059
22 53 8535 13133
23 22 4967 28094
23 13 36918 16361
23 10 13747 1186
23 102 8418 6909
23 80 36764 10048
23 55 18861 5297
23 40 33640 19025
23 18 34631 17382
23 61 28393 20578
24 55 34668 28228
24 73 31093 13086
24 45 31430 1289
24 41 10535 5707
24 102 23835 23258
24 20 24066 23790
24 42 15684 18494
24 83 6883 26165
24 77 34893 27948
25 32 26910 8950
25 37 1705 17531
25 65 8032 2371
26 27 39536 18220
26 92 28089 6606
26 103 30541 15220
26 92 5178 20844
26 99 15044 21614
26 51 2335 3014
26 107 26312 28355
26 48 31996 15169
26 98 18387 15353
27 43 21076 24079
27 67 40181 21999
27 43 38404 6131
27 90 34371 21312
27 81 29677 4287
27 62 19750 10452
27 71 5386 10603
28 69 38129 24914
28 60 26076 26233
28 11 13607 10890
28 39 22766 10169
28 78 3967 23827
28 4 8189 11943
28 16 14347 17864
28 43 13128 12102
28 106 38416 2047
28 101 37161 24134
28 66 34481 4865
28 111 31219 25264
29 83 2094 5290
29 15 18595 18702
29 53 18288 7275
29 7 24878 2614
29 85 21101 8698
29 40 22285 4426
29 44 21479 10916
29 51 20207 16621
29 59 16851 19070
29 52 1616 16496
29 54 8850 2138
29 49 8628 5974
29 32 22611 9642
29 52 14998 22951
29 22 31022 10550
29 18 5074 13635
29 37 34016 7189
30 90 8688 24766
30 52 13891 10102
30 62 8709 23633
30 45 13021 15234
30 89 35301 6198
30 90 1527 19427
30 23 7062 9839
30 38 6147 5617
30 96 36733 3177
30 15 13896 18573
31 73 2141 28821
31 89 24700 28708
31 88 26262 24900
31 66 16112 415
31 50 35905 3649
31 48 2897 4094
31 35 14130 17559
31 104 11241 4547
31 43 18739 9885
31 29 26319 601
31 78 33073 24470
32 94 7917 29984
32 59 27907 13287
32 1 39155 9553
32 80 13690 5672
32 39 12164 17198
32 105 23060 7455
32 106 21168 769
32 69 38832 7920
32 67 37619 17019
33 84 17191 3797
33 107 18132 27337
33 106 15144 26160
33 68 5464 15222
33 106 37124 4804
33 25 36685 9598
33 35 14030 24571
33 91 24597 20846
34 12 29021 529
34 33 22260 26084
34 68 21057 12254
34 18 2154 5957
34 93 13578 10814
34 70 7713 22641
34 63 24900 22282
35 96 7304 16351
35 69 18175 25133
35 58 25514 26095
35 55 3821 12695
35 32 18646 24221
35 98 12788 13473
35 62 24844 7390
35 33 16460 15588
35 28 35441 18108
35 53 16982 4912
35 76 15739 21878
36 106 31224 12888
36 73 34753 6511
36 99 25651 26299
36 89 8925 3503
36 63 29047 22802
36 67 32876 16317
36 2 30645 1775
36 12 37441 25766
36 41 11407 10773
37 79 9415 19226
37 102 14957 25433
37 36 19752 4800
37 66 22682 9029
37 43 20864 26395
38 99 24960 8589
38 65 3784 23943
38 88 9876 17538
38 100 22350 3652
38 11 33003 10498
38 23 21566 29170
38 13 5279 12366
38 83 18038 5401
38 99 33797 711
39 90 25487 11607
39 43 24250 3003
39 93 14592 16734
39 101 38619 3475
39 52 29780 7221
39 85 8885 29398
39 24 35416 11420
39 60 2095 25087
39 56 15794 16851
39 107 29760 12715
39 75 19901 4839
39 111 18261 2378
39 23 16545 22959
39 71 17826 14552
40 38 2844 23755
40 60 28112 15162
40 103 9852 621
40 70 17580 23341
40 94 13885 16703
40 101 3514 28503
40 44 39288 7666
41 56 28031 18285
41 62 37567 7267
41 38 9254 22313
41 110 8994 12565
41 49 22841 14127
41 74 14341 25006
41 99 37094 7446
41 86 22312 14988
41 71 21436 23503
41 109 3467 7720
42 96 6389 27622
42 82 2496 19204
42 66 8050 21844
42 40 6276 10087
42 57 17940 7494
42 13 15937 7966
42 12 31289 18403
42 10 11194 28092
42 48 30305 24413
42 33 11153 3608
42 73 23251 29547
43 108 9768 1696
43 98 36136 3168
43 73 18300 28468
43 63 1370 17448
43 36 37768 25149
43 69 3368 18273
43 97 27236 6000
43 2 20659 20949
43 103 1055 29125
43 67 28759 6080
43 66 2348 13786
44 73 2898 273
44 94 22480 5210
44 103 32998 23272
44 7 7046 25598
44 83 9107 9474
44 35 31184 25641
44 29 16785 4828
44 105 17249 6172
44 41 40030 1219
45 87 9198 18011
45 6 27161 18047
45 11 13706 11577
45 67 21451 14700
45 111 33501 9550
45 61 30374 6649
46 57 15705 8434
46 77 40060 6318
46 73 6811 26223
46 8 39709 13655
46 13 18039 17543
46 23 32896 25335
46 109 16097 12493
46 104 34908 12548
46 106 14209 10690
47 67 18045 12699
47 67 2098 3319
47 42 6413 12819
47 31 6242 25012
47 66 4646 29184
47 33 38165 18938
47 91 13310 13127
47 49 18079 29756
47 27 11879 30035
47 111 22899 15629
47 23 17079 11328
47 103 933 27016
48 7 20890 20332
48 11 3341 29271
48 5 13489 14295
48 71 12149 7600
48 69 5941 22204
48 10 12304 24307
48 4 21002 28791
48 6 26856 7503
48 38 17952 1561
48 42 11006 22467
49 90 16971 2306
49 99 28075 15255
49 5 6253 20517
49 79 17015 22589
49 40 24329 15246
49 23 14011 26668
49 43 37372 29079
49 91 589 15897
49 104 29140 4702
49 23 32312 27837
49 79 7863 15443
50 63 32968 6661
50 77 32086 22146
50 77 7386 29467
50 96 9757 18481
50 65 12698 217
50 19 12892 26004
50 38 2677 5340
50 99 40128 9812
50 100 14851 5548
50 35 14182 6353
50 51 19283 12031
50 59 30113 24126
50 38 27102 3686
50 49 35085 11319
51 82 16639 29854
51 72 14289 5619
51 95 14185 16604
51 16 14683 26513
51 32 5796 8808
51 14 24395 19170
51 41 8528 22708
51 15 9465 7261
51 6 14101 30060
52 79 29690 15197
52 88 22493 16608
52 103 19821 5504
52 41 16593 4827
52 80 3345 3737
52 91 36935 20860
52 11 16049 7646
52 70 37018 27146
52 34 23636 7213
52 72 33140 15471
52 50 23524 13657
53 91 33283 1792
53 23 9736 8782
53 96 7184 5243
53 86 39005 6378
53 95 19650 12961
53 82 19538 28095
53 101 31754 5215
53 3 8510 9792
53 101 36405 19972
54 91 40064 5766
54 106 20217 22041
54 22 31270 16341
54 87 36976 29853
54 95 21996 9524
54 43 39466 20224
54 41 22317 18629
54 7 37860 21879
54 50 35927 23865
54 55 28547 794
55 96 34671 3926
55 76 11286 23052
55 46 34616 29821
55 94 7555 6630
55 109 32359 12610
55 32 6382 26164
55 105 31500 16743
55 75 22217 2316
55 52 10808 4178
55 83 16169 4605
55 103 11034 20452
55 23 6034 11161
55 107 20204 8670
55 103 32231 10776
56 86 11041 23225
56 31 36161 5093
56 37 6731 16975
56 38 27307 16960
56 32 22528 9734
56 22 37980 7140
56 12 17178 20211
56 80 24745 26070
57 71 10914 1366
57 79 7766 16865
57 110 11137 1671
57 97 35467 3689
57 54 10606 28645
57 91 24519 20336
57 17 23977 29159
57 73 27000 28003
57 48 18853 22511
58 34 35556 5128
58 81 25728 22450
58 44 26253 29631
58 8 17784 11427
58 15 26187 19619
58 75 12152 1214
58 25 7074 22742
58 109 20274 9701
58 65 37927 19454
58 32 23357 21303
58 94 8734 26849
58 20 6283 18688
59 47 23905 22942
59 75 30078 29000
59 49 8509 14082
59 36 31924 19217
59 90 32299 27270
59 50 12339 23092
59 24 26609 17142
59 105 40126 10319
59 98 21521 28634
59 33 37263 11934
59 96 2105 8228
60 99 9333 18745
60 90 32277 2283
60 68 28747 1380
60 12 20136 15318
60 22 32085 1716
60 77 36487 5302
60 95 6154 17974
60 67 4514 15645
60 73 30062 16748
60 92 37099 7135
60 5 21501 28138
60 26 15332 21096
61 18 19671 4940
61 21 9419 26527
61 30 16066 26061
61 98 12732 13954
61 10 36295 20441
62 14 7098 8952
62 80 21961 24705
62 37 36284 22892
62 59 2088 12685
62 46 32856 24724
62 87 25536 20676
63 86 11011 1653
63 73 19029 2591
63 77 18543 4880
63 61 28313 22887
63 29 21578 15432
63 51 30507 16096
63 67 29103 29455
63 39 27520 2985
64 79 2171 3617
64 65 26270 14344
64 44 16522 9791
64 92 10500 962
64 104 36243 10398
64 69 10853 5802
64 76 8964 5314
64 49 746 4092
64 37 2202 2569
64 28 3575 4261
65 42 11951 24399
65 92 20861 16770
65 58 36852 10826
65 22 7878 3865
65 31 8330 26002
65 44 40351 19444
65 8 25496 728
65 25 34587 24815
66 108 34081 22038
66 110 4446 23262
66 45 34257 28886
66 110 18518 27859
66 96 27759 28141
66 91 35490 29492
66 88 10469 4653
66 53 30498 11829
66 67 13371 10649
66 105 4625 30004
67 103 32708 2657
67 69 18422 14113
67 22 17618 21829
67 21 23924 8604
67 29 24514 27443
67 51 7381 20179
67 23 17948 4478
67 108 30483 4793
67 82 32409 9644
68 96 26903 9061
68 102 32940 13878
68 38 7597 25555
68 38 36797 10778
68 29 34412 18461
68 13 18240 24867
68 51 7559 25911
69 43 15343 22880
69 100 26578 17850
69 38 4708 15018
69 27 33761 8444
69 42 36838 5754
69 59 15565 15730
69 75 19792 406
69 18 10067 12458
70 92 17685 13837
70 19 10654 28752
70 106 40130 3079
70 85 38885 14469
70 73 6341 29979
70 41 25607 4795
70 81 8398 25883
70 90 24884 28699
70 49 11551 10070
70 97 28301 1610
71 28 16813 24099
71 16 19834 8847
71 42 12619 3331
71 33 26070 19856
72 111 31099 20796
72 23 5605 29927
72 35 15833 4744
72 27 10411 16912
72 61 1666 15629
73 104 5641 26340
73 70 12097 22157
73 99 3118 16086
73 107 25574 29978
73 12 18796 490
73 15 1917 27030
73 51 7367 22789
73 78 14973 23129
74 93 1298 23379
74 26 22171 27048
74 48 18110 21362
74 32 34729 21473
74 56 8821 1237
74 48 28527 26450
75 90 29450 14314
75 104 29549 13776
75 70 14480 9726
75 30 4652 25300
75 103 18875 27977
75 106 31797 26915
75 105 4133 19526
75 45 14703 25870
75 95 20743 7933
75 73 3843 24179
75 41 12161 6714
75 55 9986 17118
76 81 29067 19226
76 7 10245 6100
76 82 24663 8635
76 36 4901 7893
76 98 40271 20933
76 43 15182 7975
76 69 36661 7396
77 107 7252 20363
77 38 6283 4425
77 106 27765 23352
77 55 1679 3007
77 29 1924 11916
77 51 12661 14410
77 102 5370 28637
77 9 29384 19318
77 72 3873 1307
77 3 2241 26234
77 44 35219 13360
78 8 26507 16104
78 106 32810 13986
78 58 19696 15498
78 102 32284 25892
78 50 20415 22813
78 20 20467 9078
78 85 32283 4096
78 98 26903 28936
79 73 26982 4716
79 52 33318 1774
79 29 32429 5675
79 105 1951 6692
79 61 13264 23556
79 28 2116 20588
79 17 32670 5537
79 45 23372 1945
79 18 33193 29526
79 96 13732 23592
79 74 34811 5098
79 64 28736 8017
79 17 23542 22654
79 16 31778 11018
80 92 8949 11390
80 63 27254 20658
80 36 17825 18674
80 88 8570 26798
80 14 6158 27271
80 63 10686 25594
81 13 33164 12120
81 33 4528 2125
81 72 29493 2763
81 33 33063 12694
81 12 26729 3931
81 19 11746 13420
81 72 27274 7378
81 18 26228 24003
82 27 32375 16343
82 16 24949 8032
82 24 36078 16583
82 72 14473 4776
82 8 38630 6390
82 75 7304 15438
82 70 27073 17408
82 13 27879 9163
83 110 32209 6827
83 37 25518 746
83 4 35756 9598
83 35 36354 18391
83 103 30011 5396
83 47 27654 4927
83 100 13621 13242
83 6 19700 24140
84 85 8962 19266
84 105 2599 26957
84 93 26428 18010
84 99 5364 2407
84 8 33013 1303
84 93 18086 9108
84 73 5866 23730
85 90 18337 8069
85 27 20033 16679
85 98 21835 8215
85 21 31850 6216
85 51 37197 29715
85 51 1573 4513
85 98 30659 7722
85 3 6367 16469
85 25 16186 3124
85 40 38116 9982
85 107 2004 21844
85 32 18276 28083
85 83 37028 4559
85 16 6311 20149
85 84 4447 13419
86 42 17181 14452
86 69 15190 24934
86 91 7772 25788
86 7 17413 11164
86 63 38032 19739
86 10 36420 22890
86 84 37181 2344
87 96 6368 28522
87 95 36356 28575
87 94 14382 25289
87 39 39496 1905
87 72 33194 25222
87 2 24025 21607
87 88 16005 14090
87 46 474 29690
87 34 7576 6060
87 54 24600 24517
87 9 33733 24149
87 74 35680 23487
87 60 20212 16457
88 91 28364 21809
88 18 27093 6169
88 50 6821 13502
88 90 13662 29652
88 60 10296 17514
88 81 39723 12944
88 18 37143 22860
89 40 37627 1764
89 94 11254 16593
89 104 19081 23635
89 62 32678 24273
90 95 40269 21732
90 106 8665 25611
90 110 4183 7142
90 3 22817 3134
90 50 25097 22925
90 95 33944 17508
90 46 30066 15836
90 94 10521 7696
90 73 27248 28895
91 78 22482 18692
91 61 11193 9850
91 57 27564 21749
91 37 5044 20478
91 47 24316 4989
91 92 6724 15598
91 35 3128 23974
91 11 14160 13546
91 25 8103 3898
91 27 36862 2097
91 78 13885 15941
92 23 13421 20423
92 97 6669 4612
92 35 30868 13250
92 109 6257 20046
92 90 38510 28293
92 52 7971 29414
93 96 16927 18536
93 101 25789 3633
93 97 10689 2307
93 23 18360 11762
93 103 19372 6682
93 83 17441 8378
93 29 2977 19555
93 36 33467 12377
93 71 3671 17822
93 89 30384 22284
94 37 17450 26986
94 47 17272 8210
94 102 6228 16694
94 28 23687 21422
94 107 36522 6892
94 15 5421 17320
94 108 38521 19870
95 101 39100 22847
95 8 14515 17856
95 98 30064 6800
95 78 8907 5364
95 58 35371 16342
95 14 16637 3689
95 22 23621 3327
95 35 23898 2503
95 22 29425 3818
95 27 27215 24865
95 108 11155 28092
96 45 1626 14927
96 30 25720 2091
96 6 540 25810
96 65 2267 351
96 95 9994 22376
96 87 23701 28314
96 105 34491 22102
96 49 30425 17083
97 85 3876 20278
97 74 18498 26746
97 2 33379 17232
97 61 14718 14840
97 89 24057 22148
97 55 16513 16792
97 77 3098 11379
97 71 8559 18031
98 11 24493 16151
98 42 33340 7674
98 49 2345 10341
98 54 10127 4693
98 24 14060 22970
98 38 3505 13284
98 26 20529 14638
98 89 30333 22783
98 91 855 9337
98 41 31342 5163
98 14 28067 24193
98 27 20760 23766
99 109 2878 14597
99 83 1193 13641
99 96 9136 5326
99 54 10465 22414
99 75 32759 12338
99 62 35091 6200
99 96 5035 10709
99 26 28732 28890
99 50 13977 15829
99 42 20853 24916
100 68 36046 19029
100 92 2056 11310
100 4 29101 7339
100 57 21004 15434
100 63 36261 15747
101 82 8273 7851
101 75 27349 3232
101 66 39032 7123
101 25 6597 3144
101 85 18933 4186
101 107 20278 7728
101 95 15053 20061
101 66 1228 9721
102 109 16711 11111
102 76 17226 14185
102 53 4386 4940
102 62 14852 6170
102 99 987 19823
102 68 39287 15210
103 66 7379 1451
103 39 10970 17857
103 33 3828 3500
103 62 39791 1041
103 94 12835 24333
104 48 4596 14357
104 6 1860 1574
104 5 19911 18279
104 110 37101 10633
104 35 18161 26795
104 63 12900 23656
104 10 1674 19745
104 85 32887 15542
105 107 30979 9916
105 108 6333 21643
105 60 35467 16082
105 29 25372 25097
105 45 17647 25705
105 61 34602 4844
105 3 14785 15844
105 53 16506 7064
105 67 34970 1900
106 4 25367 13089
106 17 26540 15543
106 89 38202 3754
106 80 21245 25893
106 71 2504 24566
106 107 9703 24105
106 66 19495 18096
106 82 27234 18130
106 101 18684 3081
106 79 35934 24882
106 88 20633 2634
107 101 21703 10488
107 38 27092 8269
107 46 37847 12070
107 16 24932 5018
107 48 3932 4691
107 68 37365 11357
107 6 910 26783
107 69 13662 13491
107 49 18038 26833
108 16 12544 20498
108 19 11212 12401
108 31 39767 22218
108 68 24767 18081
108 110 22661 3023
108 99 20795 16458
108 42 35578 16982
108 111 10966 5684
108 31 1718 7986
108 110 19156 12051
108 97 12495 16159
108 73 15952 24801
108 7 1442 6049
109 6 14521 13773
109 16 33550 16526
109 17 11222 14627
109 67 24314 18042
109 105 8329 15232
109 22 23627 24945
109 57 17037 18953
109 22 19638 19921
110 72 422 13983
110 2 16264 20314
110 109 27059 6590
110 57 36800 7540
111 81 8436 1970
111 69 14592 3605
111 20 38766 282
111 83 33515 9096
111 29 4507 25111
