10 100
1000
1 96 596954 304133
1 109 485030 922946
1 41 380080 971257
1 60 976380 432182
1 107 873075 504417
1 59 763285 137950
1 45 231560 341967
1 10 156264 96577
1 105 502258 870590
1 66 992960 693665
1 37 900649 716306
1 71 183696 85978
2 83 199348 441676
2 91 186075 906189
2 86 504368 940445
2 75 855352 114560
2 75 793597 9404
2 20 912282 333290
2 3 548148 393077
2 81 739307 180892
2 10 324279 395504
2 60 863812 76203
2 20 154116 13192
2 82 817236 468916
3 90 465244 208472
3 37 391368 967021
3 11 803163 206989
3 83 55716 596039
3 19 180329 148774
3 25 375876 983328
3 75 606024 995852
3 35 266778 381429
3 67 708257 886534
3 97 352713 466619
3 102 538449 155985
3 107 131870 456817
3 85 943747 370518
3 51 137836 222784
3 20 270797 697339
3 29 214448 119113
3 100 79739 296741
3 84 5216 903354
3 17 184129 621686
3 20 294744 481891
4 7 890607 58402
4 10 749160 866710
4 51 655011 304823
4 95 604756 978452
4 26 364863 825760
4 69 789063 818781
4 82 74015 585549
4 10 912463 540046
5 60 583969 950393
5 55 420450 256781
5 78 692620 67937
5 6 475456 572844
5 82 375642 998967
5 47 721447 317584
5 68 272399 795819
5 25 556289 824919
5 47 935516 851917
5 47 823735 269244
5 51 707220 902354
5 16 598816 844946
6 83 878092 368287
6 90 602499 620028
6 80 450242 536846
6 83 971474 84430
6 48 345516 845309
6 87 371406 853278
6 43 294150 127789
6 21 115643 264731
6 98 846710 753080
6 61 58335 395480
6 7 162016 819818
6 26 410071 343528
7 39 639443 177209
7 47 7230 604048
7 78 938647 820920
7 67 440549 521160
7 19 835677 398286
7 68 756783 975201
7 17 146817 632380
7 22 135476 271507
7 26 859842 410850
7 85 958448 324280
8 41 556194 51277
8 67 163752 748223
8 65 391923 771703
8 50 147604 837004
8 45 451940 11159
8 26 812157 642969
8 58 478890 686508
8 79 611995 392869
8 51 429457 331148
8 47 144647 340826
8 12 79784 56772
8 61 76017 69224
8 66 439335 34572
9 32 933289 726352
9 101 837746 434108
9 73 965353 983286
9 13 239331 502235
9 44 788253 822529
9 69 745605 653952
9 28 656231 315913
9 89 595018 600644
9 23 853001 476815
9 84 191936 679147
9 67 659050 128192
9 6 852906 446582
10 14 632753 621652
10 99 784786 183101
10 83 895831 66433
10 107 93123 790271
10 25 352053 386635
10 13 966690 918707
10 64 267480 106313
10 29 326478 664895
10 52 456488 60478
10 98 922834 217884
10 48 288659 8425
10 1 284308 787102
11 71 477349 43911
11 52 297673 244442
11 55 366519 307854
11 68 903219 244470
11 9 268282 863223
11 25 510200 496973
11 35 306948 72913
11 87 954062 594049
11 67 218416 792209
12 27 664860 916952
12 1 119646 338691
12 43 928985 687038
12 60 833714 487723
12 39 632654 949142
12 109 640855 755882
12 77 93016 914904
12 102 807079 404474
12 109 204529 493889
12 91 31743 39731
12 78 188798 562221
13 98 740253 984477
13 82 655526 669393
13 58 122246 191082
13 32 688747 648155
13 33 891497 647245
13 41 625965 131505
13 18 296981 37951
13 104 209519 155445
13 67 60634 455912
14 8 504963 892367
14 17 276111 964169
14 62 202181 817367
14 17 285334 256765
15 83 326513 485772
15 100 907999 86881
15 110 117918 375274
15 52 691305 990802
15 92 732904 279472
15 72 714549 557950
16 71 93449 247996
16 44 920366 317091
16 14 61573 250119
16 6 485403 374216
16 28 64376 207768
16 59 747712 680060
17 29 402064 108986
17 82 274904 278916
17 55 593768 31938
17 92 695381 867570
17 76 778784 423861
17 37 424336 155075
17 41 201993 262717
17 74 121856 112243
17 49 593634 22765
17 48 458089 259851
17 35 708326 958081
17 70 520290 859308
17 52 831820 703418
17 23 846625 209318
17 83 87656 944190
17 52 776430 455634
17 85 132722 587447
18 58 468445 713456
18 38 151592 619229
18 15 761224 773043
18 55 970277 657590
18 23 942145 394884
18 111 295202 98554
18 32 112327 276748
18 67 607579 598668
18 66 73745 380823
18 51 375004 306972
18 88 803858 62587
18 76 859422 158610
18 24 549201 16897
19 23 658784 484847
19 4 559871 529271
19 4 623088 753289
19 88 256412 710147
19 88 641477 956926
19 27 862814 98581
19 10 265897 858795
19 8 603076 167465
19 45 216182 810707
20 68 756595 873828
20 81 130639 239739
20 33 876162 758211
20 10 131819 642331
20 79 606795 755234
20 11 277293 705691
20 75 838955 826272
20 57 517898 846667
20 64 967211 402955
21 62 331917 782514
21 36 177161 359240
21 77 584548 820902
21 5 152038 480307
21 4 631854 250135
21 61 700173 149979
21 83 512646 818659
21 52 299141 297401
21 18 144325 784281
21 2 203579 569403
21 2 135268 70303
22 88 724593 506081
22 59 984180 546417
22 45 936690 675428
22 71 289228 773783
22 57 969477 536722
22 99 135698 165798
22 101 912160 149270
22 66 140987 925145
22 74 212360 405233
23 63 65351 680291
23 59 711558 884593
23 105 309365 401632
23 90 394284 858279
23 3 862448 557236
23 85 216520 306341
24 61 505984 607236
24 39 507934 771898
24 96 497520 753098
24 29 205514 371894
24 39 340837 365713
24 111 82416 331805
24 58 516302 300170
24 102 915132 10425
24 87 457754 532644
24 92 740331 56869
24 21 159958 314262
24 102 348614 766449
24 104 554772 864654
24 43 812184 570399
25 15 944192 699661
25 45 60574 748862
25 53 706977 484874
25 44 218754 461122
26 74 493093 705348
26 27 618652 31184
26 46 914802 346137
26 101 674465 619596
26 68 566707 43914
26 7 84197 216346
26 88 616665 845583
26 94 202373 531301
26 56 417861 697523
27 29 734232 926415
27 46 494715 917933
27 65 360972 671792
27 35 626148 825176
27 29 619095 706144
27 14 834889 492448
28 65 654847 282787
28 23 752096 561105
28 83 33165 998198
28 37 349496 387108
28 18 683138 876916
28 5 201427 938495
28 23 163923 540378
28 59 166430 899337
28 51 863586 869431
28 105 416358 2803
29 89 571729 772284
29 36 423653 170339
29 49 802982 483210
29 102 763137 435327
29 77 955776 949095
29 9 201175 15597
29 110 701621 327296
30 58 944025 672496
30 28 609009 144855
30 21 349100 136506
30 17 888630 767206
31 62 216045 89914
31 111 897866 25343
31 16 618869 460321
31 109 893775 512416
31 15 442741 543045
32 80 711212 667957
32 38 734411 844062
32 101 442521 862903
32 37 586404 715678
32 67 896017 755697
32 2 291091 886072
32 84 281021 480815
33 38 807716 168781
33 76 893485 219792
33 94 163357 537303
33 55 240221 180344
33 17 595471 829218
33 63 287617 73072
33 10 271632 947807
33 79 273946 214224
33 7 661465 466130
33 2 352055 969391
33 102 755281 66588
33 89 120080 971808
34 59 623506 759301
34 103 397701 304696
34 111 705763 406343
34 16 880924 185039
34 17 932616 382676
34 8 911140 470308
34 48 571745 480634
34 87 341160 267125
34 38 453372 477901
34 59 227926 216926
35 67 17368 852587
35 85 168288 724891
35 86 429243 604000
35 44 203764 159276
35 24 332144 825473
35 110 616700 618363
35 26 223567 590251
36 20 385844 571587
36 77 322547 36196
36 98 409164 50249
36 5 154934 35164
36 8 439340 86153
36 3 812551 899091
36 11 175366 674741
37 44 739287 510034
37 5 357674 205934
37 41 854939 845377
37 26 236346 978414
37 104 952318 273440
37 20 78809 352066
37 50 622278 313897
37 54 966502 102378
37 76 770891 491659
37 22 163064 288674
37 65 292816 164648
38 61 276841 856623
38 101 117822 826433
38 83 640942 180903
38 47 534613 794419
38 82 784750 714704
39 69 918694 222544
39 66 842737 191757
39 72 481749 102314
39 89 436487 27255
39 66 472216 655924
39 79 677068 335429
39 34 971459 967299
40 62 562839 127624
40 103 942593 731742
40 77 32995 762416
40 62 456020 668839
40 52 580481 195645
40 2 962230 915408
41 45 342926 1403
41 14 655557 554105
41 12 190799 712515
41 16 389432 786548
41 106 319727 672299
41 15 538607 784142
41 16 106104 934562
41 7 437616 833087
41 60 365656 931659
42 66 314161 276436
42 82 164560 710465
42 90 740916 42851
42 84 763531 93897
42 11 532578 192315
42 2 475456 454978
42 5 234930 657634
42 63 39575 427806
43 109 608069 632270
43 56 686062 913846
43 50 625623 690648
43 37 137300 405301
43 10 630138 308019
43 103 893334 660555
43 103 765291 640215
43 36 142014 773395
44 102 951167 703559
44 70 246788 842465
44 59 952710 654367
44 96 891997 131036
44 50 831711 268396
44 90 547969 329230
44 12 192493 710465
44 56 563077 887669
44 3 237155 954781
44 14 263973 227420
44 86 108192 972840
44 56 464578 212227
44 16 199312 285484
44 88 800055 832743
44 30 326016 639251
44 99 970127 759730
45 81 954748 188663
45 20 450154 808179
45 31 903791 71843
45 102 975459 697314
45 12 147007 352710
45 23 110044 633596
46 6 828071 72715
46 58 791753 573758
46 94 528313 294070
46 73 477767 783719
47 17 536820 508571
47 44 767898 632355
47 107 489351 149904
47 39 580143 554679
47 54 811984 968216
47 79 276351 41576
47 41 405818 342581
47 82 210188 138199
47 110 374602 121234
47 10 891243 391536
47 28 719318 14752
48 67 865154 702305
48 4 411468 774557
48 41 391020 396897
48 5 776223 764741
48 79 698721 749717
48 66 231093 193159
48 16 795443 614879
48 3 458742 725321
48 72 932889 55292
49 66 50703 305140
49 63 467178 299035
49 34 527744 429564
49 11 148714 444862
49 64 807878 610297
49 45 440609 509194
49 86 327523 110568
50 74 666586 92376
50 81 8814 840123
50 25 674472 449420
50 68 160316 379060
50 62 9647 808173
50 91 216660 515412
50 57 582125 182444
50 33 112197 5327
50 109 567160 674419
50 84 458002 771128
50 98 125464 415242
50 110 60827 468125
51 81 975463 488350
51 91 168849 578282
51 96 705550 879925
51 67 864041 210245
51 25 92176 919395
51 58 488497 697753
51 7 579587 628
51 29 911361 35329
51 22 108525 341184
51 67 5943 990083
51 36 902266 408324
51 86 825834 292078
51 29 835002 445826
52 67 952688 824389
52 10 784426 749831
52 101 194109 305266
52 69 608773 265754
52 86 253103 473742
52 19 880980 509814
52 87 994054 466325
52 62 483393 547746
53 69 230272 531897
53 88 55496 629966
53 83 121164 244745
53 60 358319 522503
53 61 989541 639729
53 55 89351 480467
53 58 369518 475550
53 35 238021 209930
53 5 470415 25875
53 6 439961 750000
53 102 759038 315755
53 47 699102 937276
53 21 478349 841684
54 110 549637 170291
54 7 160348 145018
54 60 197683 655089
54 105 349358 185468
54 13 621598 140017
54 13 471020 996876
55 83 947823 312708
55 64 672197 683776
55 111 35102 620369
55 80 485361 555122
55 69 289070 727109
55 20 132119 264858
55 35 244075 692787
55 41 144777 616582
55 67 439914 73744
55 101 546281 437790
56 62 17067 356834
56 85 833602 399675
56 6 611461 678227
56 78 479093 946943
56 37 160286 222128
56 53 131756 702141
56 27 624451 781207
57 108 142547 501951
57 82 270158 471748
57 14 573196 327458
57 36 290769 521631
57 49 779634 448675
57 100 727958 484138
58 69 505547 456458
58 57 678731 287546
58 4 138365 1918
58 22 674345 533254
58 99 596177 359388
58 38 915905 687018
58 107 784639 175162
58 2 354882 88330
59 107 313178 937307
59 75 254844 665424
59 101 336815 694244
59 69 975360 696794
59 21 184113 811721
59 95 101483 203767
59 45 890235 622890
59 82 854221 203544
59 1 968923 940602
59 10 612114 510501
59 48 988958 407697
60 111 342834 607958
60 32 901746 711087
60 62 187367 613349
60 100 253923 279983
60 92 489020 261253
60 77 425058 918352
61 67 141593 983688
61 95 237574 732670
61 100 29952 700510
61 22 649430 16483
61 85 279121 667289
61 107 276786 703889
61 72 966712 457096
61 54 107630 350407
62 67 576877 378143
62 31 682449 278458
62 51 352894 581123
62 59 603895 809557
62 79 93309 623150
62 6 283417 808786
62 46 198918 673985
62 90 391687 134242
62 98 273154 550173
62 60 671200 777601
62 6 149667 429109
62 96 654290 941700
63 92 944990 424878
63 91 257960 692460
64 82 170885 296324
64 47 407710 414137
64 11 671185 455800
64 37 434717 361217
64 43 5577 356962
64 52 950863 736917
64 43 172860 900439
64 57 34611 675668
65 80 435507 386071
65 95 584992 489198
65 90 89864 226835
65 73 952232 433696
65 8 180923 347414
65 62 368356 90895
65 94 136090 498987
66 102 441840 460583
66 65 646082 631176
66 103 315307 958454
66 26 86089 566928
66 67 151773 185037
66 48 22148 168425
66 82 653303 796724
66 34 21331 978609
66 32 362475 722583
67 90 397367 476708
67 77 547121 922975
67 105 654735 194210
67 106 430420 656858
67 79 589095 345677
67 16 755086 158203
67 25 350505 686690
67 93 520710 601678
67 32 967440 621521
67 39 114680 214812
67 79 149436 12676
67 98 223646 92848
68 110 640356 918239
68 108 720601 489330
68 92 906289 300394
68 20 706643 756890
68 8 395027 635531
68 77 914345 299677
68 11 268825 7581
68 4 721258 647664
68 64 960828 953837
68 20 353901 236505
68 44 429460 442788
68 22 529457 647595
69 27 48346 200947
69 42 686872 531991
69 5 983934 921553
69 60 822090 899242
69 95 434211 422972
69 35 639995 534926
69 104 182672 305910
69 15 873769 753571
69 48 541605 658851
69 17 374196 287613
69 3 207089 322880
69 25 40604 718168
69 49 318154 537928
69 110 262117 905818
69 109 564564 249250
70 50 516683 764759
70 34 4030 639498
70 46 726928 558383
70 81 12909 999239
70 27 320032 154057
70 107 834622 353299
70 85 105113 908353
70 3 575269 20447
70 73 590451 398359
70 25 355142 419637
70 20 903914 570751
71 92 878218 104806
71 30 779599 182475
71 92 154866 544898
71 37 562650 951781
71 107 582282 947307
71 22 886537 414590
71 90 605538 755158
71 101 685204 846980
72 79 439427 177251
72 101 245308 506925
72 21 223302 318439
72 11 776585 588606
72 18 97023 210637
72 41 675364 45811
72 34 665574 708193
73 82 493169 960468
73 69 965905 832372
73 93 582797 828166
73 51 494831 527338
73 58 756329 129781
73 88 529180 339789
73 8 660743 162679
73 52 611594 598260
74 100 302197 317707
74 31 105457 399008
74 9 614907 53022
74 48 123057 394668
74 66 23594 78932
74 10 860427 387873
74 52 688087 998474
74 83 12013 237483
74 12 493901 947058
74 60 460164 3821
74 23 627764 501509
75 91 497884 928373
75 66 355080 420090
75 57 786697 412180
75 2 754865 930675
75 107 872108 30378
75 69 308870 416292
75 6 897320 366296
75 58 606159 419881
75 17 915245 838395
76 83 809438 102613
76 17 688162 584115
76 97 304997 186033
76 28 508839 733727
76 17 179343 882269
76 21 228457 60043
76 66 252429 833210
76 97 939890 191217
76 87 874385 412469
76 49 216620 906925
77 63 316484 338745
77 74 488832 139540
77 5 935639 116278
77 87 353291 478663
77 22 503089 755463
77 20 511727 725390
77 16 872425 432297
77 49 271223 465866
77 70 140888 475033
77 8 214272 767583
77 20 455799 280297
78 101 646489 999213
78 5 408429 622133
78 74 594753 751082
78 63 948733 625441
78 106 197398 31210
78 103 58975 226213
78 3 16257 205845
78 38 669575 87997
78 32 206100 550393
78 107 437033 798774
79 91 544482 505423
79 4 43676 944658
79 6 59404 735497
79 53 185620 342870
79 85 400678 803265
79 58 629651 327454
79 25 198307 61031
79 87 617671 813465
80 90 326911 387508
80 110 133633 429183
80 94 480442 462843
80 55 394665 3720
80 79 392269 886500
80 42 768162 224686
80 44 646002 73771
80 20 611018 570645
81 107 114931 762110
81 111 393702 497047
81 33 788765 781436
81 58 475220 999910
81 83 630754 478818
81 28 111217 28005
81 62 798036 792442
81 5 677060 586918
81 83 940779 971531
81 34 1081 262706
82 93 498523 156365
82 53 488784 905805
82 52 669 837442
82 40 203412 892331
82 42 724381 655555
82 3 64795 838494
82 36 373235 376427
82 110 607022 110709
83 39 541606 751939
83 65 247532 496522
83 77 110410 744884
83 108 628691 907734
83 32 921232 639001
83 4 841381 48497
83 90 659170 217182
83 34 741651 794918
83 15 899288 315029
84 96 766631 682557
84 92 682409 548362
84 15 559816 465761
84 35 495609 462707
84 50 674004 821196
84 37 240638 560140
84 91 830981 396753
84 91 386808 84212
84 16 28368 597326
84 105 10379 614436
84 5 166362 328512
84 59 16605 729286
84 106 106004 702251
84 71 512978 70512
84 68 766325 612627
85 77 306174 497889
85 111 68609 633078
85 22 788176 368858
85 82 763793 435474
85 32 286247 99664
85 8 691665 731895
85 42 486563 937948
85 39 253858 50872
85 13 754086 906822
85 1 602352 396267
86 94 126280 560562
86 110 964308 230515
86 77 85136 761062
86 46 543420 248561
86 16 548693 904680
86 110 940223 476183
86 63 711039 109013
86 48 865413 114481
86 62 447185 524436
87 94 852621 832337
87 72 336012 86762
87 49 454059 806622
87 31 597922 467062
88 21 891113 786187
88 48 453021 599034
88 57 265484 116170
88 52 987030 420047
88 72 620222 692163
88 78 572330 720153
88 23 562149 788152
89 32 935789 671975
89 78 170288 118229
89 23 708165 166631
89 4 382459 499917
89 40 571861 515310
89 79 576969 798785
89 28 739539 485568
89 103 277102 369492
89 79 295829 366937
89 78 338501 564473
89 66 403687 175043
90 87 638283 38681
90 107 450892 647354
90 54 533426 95218
90 42 421145 249078
91 41 216154 146807
91 29 938110 785919
91 110 557616 971869
91 100 893966 690269
91 25 32208 197821
91 13 368783 358310
91 98 311479 264964
92 111 362097 10365
92 100 300101 326426
92 46 812216 857544
92 68 470460 376130
92 39 810909 762360
92 103 364890 33435
92 63 910986 629012
92 8 406378 93169
92 41 679249 874660
93 34 305087 988609
93 110 387253 813077
93 28 966797 265968
93 74 672300 520987
93 78 42599 972076
93 15 302026 747010
93 41 828757 969957
93 103 783283 638627
94 86 930329 353132
94 57 213343 470267
94 75 494468 378332
94 76 760593 602154
94 82 256018 280684
94 33 946934 556362
94 88 106297 871545
94 100 521581 140804
94 9 775954 814446
94 105 778584 42996
94 105 263597 4932
95 70 550345 138570
95 28 573677 407996
95 47 140032 983652
96 88 450381 841478
96 51 113952 410097
96 10 830627 191635
96 11 962192 976763
96 85 599603 711888
96 64 678989 255633
96 92 897018 715243
96 8 15911 614861
96 14 675596 160456
96 26 697937 296755
97 105 65081 962508
97 96 968683 368811
97 107 754342 521878
97 9 172302 496371
97 13 804907 596828
97 24 775679 317590
97 60 812055 737874
97 27 751405 492903
97 10 182423 754249
97 79 994382 201380
97 92 332082 510722
97 92 156925 573859
98 105 375902 629696
98 32 784495 521691
98 64 473673 836241
98 28 314629 897136
98 100 464839 811304
98 40 583605 394935
98 81 302505 987426
98 34 542341 456187
98 47 344970 470434
99 44 4957 521932
99 46 434727 803439
99 106 66921 204450
99 58 468035 483322
99 6 924993 195305
99 41 624477 864501
99 102 975693 891298
100 104 136999 469512
100 63 949714 224438
100 68 731956 828447
100 50 175851 978726
100 68 495323 577748
100 80 805779 25765
100 93 238201 300847
100 20 996928 741652
100 2 176311 394606
100 41 373438 912449
100 2 134697 372103
100 72 652947 11565
100 49 573193 856489
101 71 504171 829700
101 106 11635 608033
101 20 74467 935444
101 13 660986 250126
101 73 186458 734003
101 20 804713 587761
101 111 68295 811963
101 2 372309 334404
102 70 901872 8003
102 95 632261 762031
102 80 847562 430636
102 90 246096 896730
102 69 88087 961322
102 21 716290 974926
102 99 581549 408652
102 79 715324 632505
103 89 278069 686811
103 91 869026 151244
103 78 633821 932476
103 71 50445 804851
103 45 871400 263416
103 20 674484 844055
103 31 753711 469577
103 55 210738 885684
103 1 934334 679000
103 37 824586 628125
104 61 203656 522784
104 6 906133 304324
104 40 806298 501719
104 101 126029 343531
104 38 166622 51882
105 89 292134 471826
105 73 372305 834393
105 14 676235 596374
105 101 864149 585327
105 111 43303 67669
105 75 231841 500388
105 108 125477 277786
105 28 558389 409755
105 8 830538 999415
105 99 251748 398785
105 106 686787 307490
106 37 413717 327422
106 55 710110 965230
106 61 279569 498471
106 105 60001 71040
106 84 734306 253201
106 83 687764 766086
106 110 598488 457942
106 87 256130 623761
106 52 183102 91561
106 86 225583 637540
107 104 904842 365251
107 56 490664 778212
107 28 894272 948173
107 25 444229 413984
107 110 764567 199371
107 105 280113 585697
108 77 451288 586512
108 2 458062 2991
108 100 226566 774711
108 107 304778 789509
108 6 886793 86707
108 2 497009 535080
109 23 260535 24657
109 94 869585 885127
109 40 549916 372750
109 63 201430 835030
109 4 612372 201199
110 108 279875 896584
110 82 395708 372030
110 104 526336 915941
110 51 246363 329019
110 10 374265 869687
110 39 175267 713569
110 53 412238 311521
110 74 883890 33310
110 22 187858 973674
110 34 323007 488475
110 85 820061 20826
111 104 702490 901782
111 80 284513 352466
111 12 998450 466952
111 79 659682 609302
111 89 74589 148833
111 110 542404 685047
111 57 354021 316101
