10 100
1000
1 19 4 940216
1 66 3 981844
1 35 4 966759
1 39 0 920341
1 38 3 949710
1 12 1 942850
1 54 0 944211
1 81 0 977704
1 56 4 949278
1 95 1 991143
2 97 0 900387
2 72 2 980869
2 66 3 925480
2 101 2 998930
2 70 4 999919
2 104 3 918725
2 53 1 931952
2 42 3 959083
2 33 3 957974
3 70 3 985217
3 37 4 932240
3 82 2 902838
3 24 0 935686
3 44 3 903504
3 98 3 903243
3 49 3 900822
3 17 1 901701
4 78 4 928958
4 5 0 906421
4 86 0 949454
4 105 1 962355
4 43 2 919069
4 69 0 915735
4 106 1 980772
4 73 0 905857
5 105 3 942784
5 35 1 989884
5 39 0 990706
5 57 3 947780
5 73 0 932885
5 100 4 929173
5 12 2 941951
5 64 3 996125
5 69 2 910010
5 49 3 973150
5 54 1 976782
5 11 1 996776
6 108 0 948040
6 22 2 924098
6 11 0 927785
6 108 1 979198
6 29 0 915601
6 102 2 954067
6 15 0 908417
6 101 0 918491
7 84 2 962446
7 25 4 998934
7 41 1 948327
7 48 2 990596
7 38 1 986862
7 38 1 906247
7 35 3 970287
7 19 0 961077
7 40 2 972907
7 44 3 924306
7 23 0 948808
7 73 2 987653
8 49 3 925680
8 61 1 948451
8 9 3 986319
8 93 3 969397
9 76 1 930081
9 100 2 919336
9 72 2 904819
9 95 1 942897
9 61 2 941571
9 79 2 969916
9 23 0 921651
9 47 2 933391
9 61 0 953611
9 17 3 951864
9 43 1 947190
9 37 0 928317
9 62 3 977807
9 21 0 984843
9 24 2 900571
9 65 1 949931
9 46 0 945056
10 64 1 905290
10 31 4 915479
10 27 1 951410
10 51 3 913489
10 3 3 984615
10 79 2 935103
10 101 1 920384
10 73 2 982833
10 27 3 970031
10 48 2 915654
10 35 2 901526
10 21 4 965157
11 13 4 994971
11 26 0 999748
11 87 0 942473
11 12 4 943167
11 61 1 964083
11 26 0 913794
11 51 0 942835
11 81 4 985127
11 76 1 904827
11 76 0 939093
11 88 3 942493
11 77 4 960922
11 77 4 937714
11 70 0 923282
11 88 1 947839
12 86 2 921921
12 101 2 935390
12 31 3 926867
12 92 4 951254
12 109 4 909733
12 105 0 911014
12 100 4 990420
12 46 3 950696
12 72 4 959128
13 21 2 937420
13 108 0 972180
13 63 3 902736
13 18 1 908064
13 69 1 952172
13 2 3 953729
13 73 2 977984
13 55 2 928779
13 48 4 963737
14 108 0 904703
14 73 4 951303
14 98 3 903364
14 62 4 912357
14 80 0 965251
14 16 4 955721
14 86 2 928708
14 102 0 907681
14 60 4 945649
14 23 3 995598
15 108 1 908767
15 49 4 963475
15 103 4 966971
15 5 4 971550
15 55 3 997106
15 12 2 928637
15 70 4 916835
15 81 2 938820
15 61 4 956512
16 22 2 936603
16 103 1 959332
16 81 2 939995
16 31 2 924114
16 104 3 949522
16 44 3 969770
16 35 4 900343
16 100 4 943814
16 72 3 978179
17 47 4 908061
17 95 2 997130
17 15 0 969084
17 73 3 926285
17 20 0 908794
17 82 1 992940
17 3 1 914837
17 4 0 969535
17 31 2 971645
17 109 1 923868
17 24 0 913311
18 71 4 960888
18 39 4 923179
18 62 2 922870
18 41 4 950432
18 82 0 996183
18 25 4 911001
18 64 1 901969
18 49 0 926872
18 16 0 970136
18 24 1 984388
18 43 4 933256
18 57 4 975576
18 104 2 913963
18 5 0 972782
19 108 3 951759
19 70 3 939040
19 63 3 946693
19 50 3 936056
19 110 0 940429
19 11 4 941979
19 96 1 959335
19 17 3 970539
19 12 2 989032
19 108 4 983349
19 44 4 974398
19 35 3 989828
19 6 3 939166
19 12 3 939353
20 26 2 972263
20 18 3 971389
20 86 1 940860
20 88 4 907708
20 14 4 935017
20 86 3 967698
21 91 1 902286
21 101 4 910679
21 35 0 916199
21 65 4 978791
21 98 1 953526
21 22 4 995236
21 77 2 969382
21 49 4 983318
22 51 3 982866
22 85 2 987934
22 56 0 960907
22 66 4 988823
22 68 0 916971
22 56 3 903556
22 53 2 992698
22 100 1 996912
22 58 1 927096
22 81 2 963272
22 59 1 913170
23 68 2 983746
23 90 1 949475
23 21 1 979392
23 87 4 994822
23 103 0 905482
23 37 1 928969
23 66 0 973668
24 1 3 951709
24 42 0 915707
24 39 0 906264
24 9 3 923999
24 104 1 938218
24 68 2 951021
24 39 4 992570
24 107 3 961779
24 25 4 993867
24 65 1 987134
24 72 4 910511
24 34 1 911780
25 44 0 965880
25 59 0 910130
25 44 3 938517
25 73 2 979450
25 24 3 912828
25 97 1 950514
25 32 4 968683
25 109 3 974057
25 89 4 962773
25 104 4 958197
25 15 1 927049
25 21 2 958856
26 8 4 940096
26 71 3 993193
26 59 4 927473
26 54 1 927110
26 95 4 922095
26 35 4 916169
26 88 4 902669
26 81 2 920549
26 45 4 904125
26 7 4 989391
27 77 4 995751
27 36 0 907408
27 70 3 960779
27 45 4 957032
27 2 1 994278
27 108 1 940042
27 20 1 992067
27 107 0 986285
27 68 4 991583
27 43 2 953408
27 52 3 973664
27 30 2 907585
27 71 4 913218
27 9 2 920740
27 68 4 909672
28 77 2 997901
28 71 4 958213
28 41 1 986751
28 26 4 940923
28 103 4 962393
28 90 1 904910
28 64 3 917669
28 87 4 939820
28 9 2 944902
28 41 2 950663
28 98 2 920769
28 96 4 916177
29 60 2 968379
29 55 1 970049
29 14 2 999030
29 42 0 964917
29 41 3 913052
30 95 3 974661
30 7 3 978504
30 29 3 907604
30 103 1 942576
30 97 4 951178
30 20 4 983581
30 15 3 901581
30 5 4 956537
30 101 1 998138
30 103 1 911908
30 80 1 999071
30 16 3 968218
30 76 2 900446
30 24 3 937442
31 78 3 934994
31 110 4 980245
31 16 1 904179
31 16 2 995279
31 27 2 998024
31 16 4 998351
31 54 4 935275
32 78 4 928678
32 42 1 934255
32 70 1 973822
32 13 2 940830
32 90 2 956387
32 61 3 934318
32 10 4 955182
32 110 3 945177
32 30 2 930982
32 52 1 954833
32 17 1 913082
33 77 3 905032
33 108 4 990837
33 5 1 900781
33 10 0 986792
33 16 2 946387
33 103 0 906086
33 45 4 976805
33 74 1 933137
34 100 4 936865
34 46 0 952155
34 101 0 948458
34 19 0 969504
34 51 1 982326
34 25 0 991725
34 56 4 985096
34 66 4 950290
34 46 3 913132
35 85 0 912618
35 71 4 956931
35 50 0 952201
35 105 0 998544
35 69 1 928406
35 83 2 992331
35 1 3 916094
35 87 4 920968
35 84 1 918269
36 88 3 941657
36 78 2 976235
36 61 0 959786
36 108 0 943930
36 35 1 921243
36 48 1 908746
36 72 1 909485
36 46 2 920818
36 49 2 970476
36 41 3 904914
36 23 3 996916
37 67 2 917834
37 45 4 969138
37 111 4 933356
37 22 1 957006
37 75 0 972097
37 47 0 958595
37 76 3 912103
37 55 4 949716
37 23 3 955420
38 62 3 945622
38 8 0 914528
38 71 3 909524
38 37 4 967826
39 109 0 904981
39 49 2 915251
39 88 2 957514
39 45 1 967131
39 73 3 976064
39 46 4 919475
39 13 2 940888
39 106 1 930595
40 57 4 906925
40 18 3 907740
40 103 0 989362
40 60 4 949192
40 64 2 928768
40 15 4 948938
40 111 1 915668
40 53 4 928641
41 79 1 905857
41 78 3 991372
41 73 0 907292
41 109 0 957389
41 36 0 912722
41 32 4 992274
42 97 1 931394
42 43 4 972359
42 94 2 995644
42 8 0 952279
42 9 4 983804
42 13 4 977325
42 11 3 929262
42 77 2 988688
42 73 2 998415
43 55 2 954546
43 39 2 982509
43 89 1 936305
43 54 4 995718
44 68 0 912956
44 3 2 984016
44 105 4 902437
44 85 4 967586
44 47 1 928272
44 48 0 925078
44 111 3 923020
44 17 3 936962
44 28 2 946337
44 49 1 979112
44 8 1 966845
45 91 0 931036
45 100 3 936312
45 108 1 913814
45 111 3 928889
45 84 3 951587
45 62 3 956922
45 105 3 934928
45 10 1 926092
45 93 4 956731
45 43 2 909754
46 67 0 960490
46 110 2 961279
46 73 4 947440
46 79 4 971631
46 26 2 923740
46 81 2 905221
46 79 4 939240
46 66 4 972335
46 60 2 946614
46 62 3 948376
47 84 1 970941
47 75 1 916556
47 32 0 931333
47 42 3 917777
47 19 4 987584
47 81 0 902997
47 89 1 967956
47 97 2 951327
47 19 2 935716
48 99 0 995515
48 35 2 933107
48 16 1 954111
48 13 4 927409
48 37 0 941894
48 111 0 995986
48 17 4 940002
48 86 3 948973
48 3 4 975828
48 20 4 903838
49 68 4 974887
49 71 3 920462
49 83 4 952416
49 89 2 977516
49 100 3 951939
49 53 0 924217
49 23 0 977162
49 47 0 987720
49 13 3 994471
49 24 0 975298
49 63 0 950109
49 70 3 930251
50 72 2 938864
50 76 0 947876
50 44 3 984258
50 75 4 969270
50 9 1 948357
50 3 3 924642
50 24 0 975275
50 80 0 923818
50 55 2 989868
51 65 4 969950
51 49 3 988770
51 107 0 989738
51 40 4 945088
51 18 3 963221
52 95 1 968879
52 111 4 961019
52 21 4 970012
52 54 3 969353
52 51 4 909995
52 38 1 939427
52 12 3 994003
52 12 3 952099
52 105 0 928975
52 32 1 949383
52 42 2 904208
53 57 3 964125
53 111 1 995333
53 20 3 919210
53 39 1 955315
53 90 4 981299
53 78 2 975457
53 85 3 950618
53 3 0 941001
53 26 1 919980
53 39 0 994765
53 2 3 969865
53 55 2 996584
54 57 2 940076
54 21 3 921428
54 23 0 929635
54 106 1 912808
54 77 1 939852
54 6 1 960028
55 76 2 942258
55 92 4 957539
55 108 0 931842
55 106 1 971311
55 39 2 906803
55 109 2 910680
55 1 1 975023
55 76 1 982226
55 37 4 947426
55 73 1 988942
56 88 2 900499
56 54 0 946990
56 77 0 907655
56 1 3 954090
56 72 1 917884
56 6 1 906890
56 9 3 965891
56 35 1 949518
56 93 4 982136
57 108 2 904644
57 33 0 957086
57 100 3 907660
57 108 2 983282
57 25 3 994400
57 10 3 908113
57 7 2 985838
57 83 4 945047
58 100 3 991718
58 105 1 944133
58 74 0 936025
58 69 3 989705
58 40 1 952573
58 59 4 949845
58 110 0 973834
58 16 0 969627
58 81 3 931111
58 8 4 994248
58 56 2 961655
58 53 3 996631
59 74 3 906371
59 67 0 994421
59 49 1 921177
59 46 4 933986
59 71 2 940862
60 69 4 957102
60 62 4 948476
60 6 2 968409
60 1 2 941137
60 7 1 973133
61 46 2 989239
61 54 1 907454
61 110 3 911028
61 74 0 912576
61 33 2 943258
61 57 0 959147
61 106 4 952561
61 20 2 924290
61 75 3 970160
62 69 2 902189
62 12 2 937874
62 68 3 974066
62 51 4 900309
62 16 0 949335
62 78 3 977204
62 111 2 912916
62 103 1 998514
62 37 1 921545
63 64 2 927289
63 93 0 974663
63 15 4 997534
63 99 2 919074
63 87 2 935806
63 88 3 959971
63 29 1 937836
63 101 2 962285
63 40 1 934498
64 77 1 972529
64 106 1 929723
64 77 4 947596
64 17 2 900044
64 15 1 942428
64 55 4 988547
64 107 4 947780
64 76 2 994284
64 99 4 945850
64 55 2 992984
64 100 2 947907
64 79 2 976054
64 68 1 982882
64 9 3 966124
65 111 3 937464
65 31 0 963901
65 89 3 965438
65 101 3 969320
65 81 2 916572
66 70 0 948016
66 72 4 993206
66 94 0 986681
66 87 0 968091
66 110 0 977997
66 17 1 900271
66 8 0 902113
67 107 1 942065
67 7 1 947928
67 107 0 969284
67 58 2 960066
67 19 3 912430
67 105 2 999124
67 63 4 928178
68 84 3 989594
68 69 0 993761
68 111 1 991014
68 7 3 974984
68 58 0 903581
68 12 3 939013
68 49 0 903076
68 72 2 960393
68 85 2 928915
68 86 3 917675
68 72 3 925703
68 50 0 980031
69 102 4 956368
69 59 1 972162
69 7 1 947294
69 72 0 978801
69 107 1 907200
69 29 1 934449
69 61 2 992342
69 34 3 978112
69 95 4 914578
70 88 0 929137
70 98 2 901621
70 99 3 917360
70 15 3 962214
70 79 3 994230
70 3 3 925907
71 79 3 900945
71 81 3 950776
71 108 4 954356
71 35 1 953107
71 101 1 908951
71 36 1 922117
71 21 0 988412
71 101 0 982220
72 107 0 909406
72 45 3 999765
72 69 3 953552
72 30 3 998143
72 82 3 906733
72 86 4 915662
72 82 4 996373
72 108 4 965987
72 98 1 972549
73 106 1 907740
73 40 4 946726
73 40 3 997136
73 66 2 983550
73 83 1 967120
73 64 0 976838
73 45 3 948950
73 46 1 943666
74 80 2 974653
74 103 1 941779
74 96 1 985632
74 31 0 933072
75 92 1 913171
75 87 2 901280
75 1 3 992465
75 85 4 953851
75 63 4 959298
75 15 1 985241
75 20 4 954278
75 45 0 972148
75 48 0 930672
75 97 2 942533
75 89 3 966299
76 108 4 919214
76 110 4 937722
76 109 4 982546
76 35 1 938510
76 69 1 921216
76 68 3 911259
76 71 0 965678
76 97 3 942661
76 51 3 987893
76 39 1 903246
76 91 0 993941
76 58 2 994063
77 51 3 976990
77 87 1 992097
77 83 4 923415
77 41 2 987115
77 102 3 973110
77 92 4 973591
77 6 0 917079
78 107 4 991544
78 38 1 966541
78 86 2 919352
78 77 3 981842
78 10 3 990336
78 45 1 944256
78 56 1 948509
78 19 4 959298
78 77 1 982991
78 1 2 968622
78 5 3 910099
78 16 4 906069
79 96 2 930867
79 94 0 979639
79 49 0 901784
79 15 0 900971
79 104 3 969312
79 65 4 918086
79 34 1 981595
79 87 4 942574
79 110 1 975808
79 93 4 958918
79 28 2 938268
80 87 0 924400
80 32 0 954774
80 99 3 947942
80 100 2 904134
80 16 0 933820
80 10 2 989073
81 101 2 995685
81 9 0 943900
81 88 4 935833
81 100 1 915891
81 61 1 985756
81 93 0 937980
81 32 2 947547
81 102 4 958079
81 20 0 973874
81 65 4 959128
81 7 2 966216
82 72 4 903495
82 35 2 995059
82 11 0 921213
82 97 2 982785
82 103 1 977902
82 19 3 994292
82 7 0 914639
82 100 2 906072
83 86 3 902444
83 2 3 995729
83 96 1 925082
83 14 4 912895
83 54 3 947056
83 73 3 970530
83 12 3 944950
83 80 3 993096
83 94 1 913555
83 90 0 918696
83 45 3 919537
83 31 2 908386
83 7 1 952828
83 85 0 929570
83 21 4 953838
84 104 4 902977
84 35 2 917940
84 21 0 942593
84 38 2 981093
84 90 3 961632
84 56 3 945835
84 45 0 992906
84 94 0 976233
84 16 3 906303
84 36 3 949077
84 50 4 962600
85 23 1 982323
85 27 2 961175
85 7 2 967520
85 57 4 975406
85 104 1 915831
85 46 4 958786
85 53 0 936710
85 35 3 915747
85 74 1 924153
85 99 3 945701
85 7 0 952274
85 70 0 956321
86 75 1 908540
86 54 4 926642
86 49 1 965868
86 30 2 980822
86 9 1 958549
86 22 0 968740
86 21 0 998488
86 68 1 926153
86 11 2 970125
86 43 0 907784
86 90 3 962149
87 91 3 918000
87 101 0 998674
87 30 4 952748
87 51 0 977475
87 64 1 969479
87 3 2 987348
87 105 4 942873
88 37 4 916185
88 41 3 944177
88 32 2 909357
88 66 1 908156
88 52 4 932604
88 58 1 919396
89 77 0 967255
89 66 2 943691
89 4 1 978172
89 109 2 954104
89 57 2 955524
89 33 2 988934
90 22 1 981593
90 66 4 957454
90 27 3 969586
90 6 2 984758
90 15 1 900041
90 96 1 976599
90 26 2 937919
90 49 2 948356
90 29 4 994121
90 28 2 977393
91 67 0 931738
91 62 1 982279
91 21 2 953689
91 43 1 954805
91 42 4 936907
92 103 4 902209
92 1 0 948369
92 36 1 968244
92 1 1 975478
92 42 4 942398
92 30 0 989329
92 67 4 928278
93 49 4 937514
93 90 0 938878
93 26 4 976639
93 18 1 908862
94 97 0 950555
94 82 1 979119
94 28 4 948301
94 25 3 934630
94 54 0 917375
94 33 2 904633
94 42 0 949271
94 90 2 924591
95 71 2 996947
95 37 0 998072
95 85 0 998715
95 102 1 940218
95 76 1 903627
95 70 3 963220
95 103 0 978221
95 75 0 918820
95 102 1 983023
95 55 1 923352
95 27 2 949331
95 36 0 963867
96 17 4 926921
96 34 2 921592
96 97 3 921371
96 33 1 974661
97 82 0 921658
97 46 1 943551
97 11 3 965248
97 76 4 974665
97 21 3 996592
97 81 3 979122
97 76 2 969508
98 106 4 939655
98 13 2 951826
98 1 4 985346
98 101 0 949781
98 26 2 917715
98 56 2 941263
98 15 1 906126
98 23 3 906348
98 61 1 978092
98 1 2 958488
99 100 4 946791
99 85 0 907427
99 22 2 927070
99 15 0 955671
99 32 4 943930
99 5 0 960882
99 92 3 910898
99 4 4 969650
99 102 3 990242
100 108 1 954358
100 103 0 923420
100 44 4 953818
100 75 0 914832
100 15 4 973705
100 97 3 913075
100 90 2 938873
100 10 2 957950
100 67 2 901736
101 80 4 949271
101 71 0 956113
101 87 0 976271
101 48 1 970531
101 88 3 966972
101 90 2 928188
101 34 2 901911
101 105 3 909925
101 29 1 953865
102 77 4 938744
102 10 3 913673
102 58 4 949776
102 77 1 982668
103 26 1 933680
103 71 4 977100
103 29 0 948537
103 33 4 923825
103 87 2 953678
103 47 3 983160
103 23 2 967926
104 57 0 960516
104 92 1 930787
104 92 1 990735
105 4 1 999189
105 85 0 926934
105 14 3 912483
105 10 0 912264
105 10 2 902439
105 68 0 918731
105 10 1 949684
105 80 0 956920
106 100 2 964764
106 47 0 968512
106 61 1 962445
106 79 0 926598
106 10 3 951188
106 21 3 978285
106 46 0 955739
106 38 1 910666
107 89 3 921747
107 89 4 977495
107 55 1 959954
107 69 1 977310
107 78 3 944536
108 39 3 922867
108 40 0 941765
108 3 0 903150
108 53 3 970182
108 99 2 993126
108 59 2 910536
108 63 4 966590
108 96 0 996760
108 83 3 907959
108 87 3 992958
108 87 4 941297
108 78 4 922692
108 85 1 923369
108 26 1 990981
109 59 1 910655
109 59 3 934687
109 69 3 995590
109 79 1 911112
109 15 3 959047
109 28 0 914634
109 36 4 994676
109 21 1 963228
109 54 2 993042
109 61 1 944543
109 59 0 924424
109 38 2 973687
110 38 1 951849
110 72 2 928150
110 26 0 979508
110 82 0 988790
110 74 2 937269
110 36 2 915021
110 82 3 903814
110 102 2 956618
111 34 2 939526
111 60 2 937214
111 69 1 907183
111 2 3 912069
111 79 3 992940
111 71 4 931717
