10 100
1000
1 7 993861 3
1 92 977952 1
1 47 927739 5
1 39 922504 2
1 102 946925 5
1 99 913612 4
1 101 900902 3
1 78 995574 1
1 7 997260 1
1 53 997391 1
2 40 976821 3
2 89 954564 1
2 52 927222 4
2 95 943131 1
2 28 920029 3
2 78 920680 1
2 55 955022 2
2 1 991489 1
3 38 945704 4
3 12 936013 5
3 58 977937 2
3 49 957485 2
3 23 902403 3
3 49 997141 5
3 47 994086 2
3 55 957162 4
4 72 964371 1
4 98 924610 4
4 106 996258 2
4 84 938422 5
4 100 903944 4
4 105 948163 3
4 23 961272 4
4 100 914959 1
4 21 991576 3
5 7 958116 1
5 57 998492 5
5 77 919384 2
5 107 920409 2
5 66 982111 5
5 84 907874 5
5 55 934033 4
5 104 999371 5
5 85 943193 2
5 91 937056 4
5 13 910216 2
5 53 925144 1
6 52 918677 5
6 42 929369 1
6 104 939236 3
6 12 909138 2
6 55 982138 2
6 49 978760 5
6 105 960496 3
7 100 931576 3
7 44 999585 3
7 72 982666 2
7 18 918553 4
7 73 976554 2
7 69 950604 4
7 40 968939 5
7 77 948587 5
7 95 905740 4
7 104 989126 1
8 38 979029 1
8 16 925177 3
8 30 900513 2
8 13 962702 4
8 84 999739 1
8 18 900871 2
8 73 990792 2
8 59 902418 4
8 13 944790 3
8 32 914775 2
8 77 918955 5
8 63 924796 2
8 27 948869 1
8 34 973404 4
8 6 964341 4
8 21 952607 1
8 10 931539 1
9 109 962203 4
9 61 906239 4
9 36 991704 3
9 91 935536 4
9 30 968628 1
9 102 969989 1
9 38 947527 4
9 63 941448 1
9 94 981132 2
9 75 945461 4
9 68 914971 5
9 19 937931 5
9 16 936173 5
10 18 907539 2
10 16 953898 5
10 70 900220 2
10 33 944055 4
10 61 977992 4
10 96 977248 2
10 49 945351 1
11 84 907120 4
11 101 963390 1
11 34 926168 5
11 14 962518 1
12 49 909313 1
12 77 921768 5
12 49 985015 1
12 81 986696 3
12 101 966856 4
12 67 900438 1
12 3 902907 2
12 107 918691 2
12 91 912942 1
12 94 949173 2
13 29 931675 5
13 65 977199 5
13 71 924536 1
13 86 968667 5
13 5 959505 4
13 84 995665 1
13 55 995253 4
13 7 932137 3
13 49 998001 2
13 35 917366 5
13 51 955346 5
13 100 971379 4
14 72 938377 2
14 74 994191 3
14 85 943770 3
14 47 959130 5
14 55 912395 3
14 11 901031 5
14 96 905103 2
14 74 908611 2
14 74 909008 4
14 66 907309 2
15 70 933457 2
15 35 965692 2
15 28 969507 2
15 85 979068 5
15 71 902810 5
15 110 942884 4
15 65 929588 2
15 11 951015 1
15 78 958171 5
15 102 976438 5
16 109 993223 2
16 66 918745 4
16 52 957666 3
16 72 984597 1
16 59 925756 3
16 50 972778 4
16 103 988452 5
16 42 936659 2
17 21 949089 2
17 83 963267 2
17 58 903826 3
17 2 907366 3
17 92 951722 4
17 97 935019 2
17 49 948003 1
17 12 997716 3
18 39 952450 1
18 78 992566 1
18 41 949316 4
18 101 939901 2
18 72 944199 3
18 78 937034 1
18 88 991687 5
18 66 920393 1
18 101 992290 3
19 110 926641 1
19 73 967946 1
19 36 930989 3
19 36 914837 4
19 80 991269 4
19 1 985738 3
19 10 969155 5
19 77 977312 4
19 12 919118 5
19 65 998153 2
20 72 980890 4
20 93 999702 5
20 57 971654 3
20 108 982012 5
20 61 918914 2
20 63 952144 4
20 35 913201 4
20 36 903453 3
20 45 968045 1
20 65 961864 2
21 39 938664 3
21 54 985384 2
21 49 909863 2
21 64 962806 1
21 103 904317 1
21 103 944679 5
22 98 971062 2
22 52 939117 5
22 36 944914 3
22 89 996514 2
22 90 958168 4
22 14 941171 2
22 49 907961 1
22 109 958307 2
22 59 962206 2
22 108 930388 4
22 91 991454 4
22 70 975205 5
23 92 975117 2
23 82 957763 2
23 38 987812 1
23 56 996234 1
23 67 906647 1
23 95 917529 1
23 51 981828 4
23 73 979006 4
23 53 942546 5
23 65 986726 3
23 77 984560 5
24 61 936551 3
24 94 961931 5
24 11 962280 5
24 1 979657 3
24 96 977232 1
24 60 964815 5
24 12 958808 5
24 29 982171 3
24 45 919301 3
24 41 942623 3
24 9 987746 3
24 108 947711 3
25 42 980613 2
25 39 904036 3
25 75 900833 2
25 69 967937 1
25 67 905054 3
25 71 994674 1
25 43 901419 3
25 34 947494 3
25 83 945894 2
25 97 934751 1
25 74 928654 2
26 52 955442 1
26 81 957750 1
26 6 903549 3
26 76 931838 4
26 7 911730 1
26 23 968559 3
26 2 966886 3
26 94 982448 4
27 84 948100 1
27 92 929641 2
27 52 936054 5
27 53 903613 2
27 56 917212 2
27 42 955061 1
27 91 994162 4
27 31 929413 1
27 5 999838 3
27 55 953295 5
27 103 925923 2
27 20 958145 5
27 55 903595 1
27 100 900869 5
27 88 969128 4
27 95 903789 2
28 84 922403 1
28 92 909051 5
28 26 907049 1
28 25 939644 3
28 31 972670 3
28 39 996819 5
28 24 957760 3
28 74 984172 4
28 50 972852 4
28 73 978971 3
29 39 933298 4
29 19 966854 4
29 57 987160 5
29 13 932628 1
29 41 920817 3
29 6 936833 4
29 72 972875 2
29 5 973606 1
29 36 975140 3
30 40 978830 1
30 99 937830 3
30 68 928942 3
30 49 921194 4
30 80 957672 3
30 79 972592 1
30 82 908525 2
30 45 991448 1
30 90 950096 1
30 38 909702 2
30 64 922308 2
30 31 944125 3
30 24 921904 1
30 85 919352 3
30 38 932728 4
31 80 962491 2
31 43 947797 2
31 79 986571 1
31 68 986663 5
31 103 903001 5
31 64 923438 2
31 42 927931 4
31 44 953962 4
31 101 982303 4
31 82 977188 2
32 83 927248 1
32 86 958798 1
32 62 922144 3
32 47 919829 3
32 106 932792 1
32 18 929592 2
32 67 945645 2
32 55 993547 1
32 9 906208 1
32 110 914850 1
32 13 937450 5
32 37 945655 5
33 69 919266 2
33 73 934371 3
33 74 933283 4
33 65 995793 3
33 73 930762 1
33 31 997586 2
33 36 931151 2
33 15 993165 2
33 69 919198 3
33 31 975945 4
33 71 903650 4
33 93 921396 3
34 104 991183 1
34 107 909100 4
34 28 984249 5
34 37 992791 5
35 7 952397 3
35 38 946719 4
35 46 987268 5
35 32 910200 3
35 39 945452 5
35 43 912580 1
35 58 942738 3
35 94 928184 5
36 85 924551 4
36 70 931952 2
36 83 984772 4
36 5 919572 5
36 8 920661 5
36 46 982232 4
36 23 964987 3
36 44 958254 1
37 85 927576 2
37 76 913812 2
37 56 935817 5
37 8 981489 4
38 44 904808 4
38 76 953498 2
38 57 989264 5
38 103 915040 1
38 47 980472 3
38 51 901844 2
38 35 939116 4
38 57 974801 5
38 97 983187 5
38 60 971550 2
38 101 946292 3
38 8 970649 5
38 35 940258 1
39 104 913533 1
39 42 999661 2
39 105 987221 4
39 21 983579 4
39 73 934060 4
39 29 967054 3
39 92 909245 2
39 43 995730 4
39 5 911936 4
40 70 953337 2
40 31 963131 3
40 14 935276 4
40 83 981847 2
40 12 932982 3
40 58 913573 2
40 10 920938 1
40 57 988407 4
40 108 902772 2
40 68 921361 5
40 104 946867 1
40 29 907191 2
40 101 964923 5
40 78 968119 5
40 37 965153 1
41 100 913788 5
41 89 962401 3
41 73 921378 3
41 29 935616 2
41 34 951991 5
41 22 984130 4
41 27 996600 3
41 107 924878 5
41 22 920619 4
41 9 971167 5
42 62 980442 1
42 101 948101 3
42 72 906187 1
42 92 995864 1
42 48 901309 3
42 54 945084 3
42 62 981323 5
42 44 989534 4
42 79 956530 5
43 93 931383 3
43 42 918354 5
43 47 955975 2
43 25 902353 2
43 111 994299 1
43 49 927571 1
43 69 995324 4
43 97 997543 3
43 105 913635 3
43 45 930987 4
43 111 936271 5
44 65 910644 2
44 108 940223 3
44 58 945915 5
44 63 957697 4
44 107 917943 3
44 101 915697 2
44 25 997438 2
44 6 991838 2
44 33 926014 1
44 89 955522 4
45 50 989843 3
45 36 937550 1
45 52 976839 5
45 51 913539 4
45 72 970371 2
45 58 960183 4
45 101 967545 2
45 70 917544 2
45 91 933974 2
46 99 968025 3
46 99 950389 2
46 39 902459 2
46 7 908159 4
46 64 987304 2
47 95 914847 1
47 97 944959 2
47 80 900294 4
47 41 920513 5
48 109 968220 1
48 51 956051 2
48 56 905975 4
48 40 929354 2
48 63 984892 2
48 93 973281 2
48 68 958764 4
48 37 963104 2
48 84 941321 4
48 108 984788 1
48 74 931091 5
49 16 928293 1
49 13 936984 1
49 84 969029 4
49 44 933240 2
49 25 906108 3
49 72 965957 2
49 52 953287 1
50 72 978326 2
50 78 930673 1
50 24 959787 2
50 43 928077 4
50 63 955288 1
50 61 970339 4
50 104 998432 1
50 49 927833 2
50 20 956999 2
50 61 924407 5
51 65 979013 5
51 78 986280 5
51 73 959991 5
51 31 958821 3
51 16 982163 5
51 16 962823 1
51 59 909357 4
51 45 972578 2
51 77 963151 1
51 84 944477 1
51 55 933014 4
52 77 972220 1
52 71 926543 1
52 87 964065 4
52 29 980869 4
52 31 910787 3
52 62 954468 5
52 62 949329 5
52 6 958669 4
52 98 950509 1
52 108 959434 3
52 8 944307 2
52 56 910895 1
52 87 995451 5
53 100 997740 5
53 102 941184 3
53 16 920395 4
53 8 969551 4
53 47 916753 4
53 52 922249 1
53 71 994516 2
53 83 921542 5
53 19 985939 4
53 14 998006 4
53 84 980936 2
53 102 936563 3
53 17 994567 1
54 74 981265 1
54 101 941272 3
54 45 998530 1
54 15 984405 5
54 7 949699 3
54 34 903946 1
54 82 940907 3
54 51 973885 2
54 27 934120 5
55 68 982827 5
55 19 993802 5
55 37 952214 3
55 72 969692 5
55 96 910825 1
55 100 945983 2
55 53 936877 4
55 11 928378 3
55 66 946125 4
55 11 965309 1
56 92 958313 4
56 111 949946 4
56 93 972156 4
56 74 919039 4
57 89 939947 3
57 4 903352 4
57 92 953316 3
57 28 908077 5
57 54 979006 1
57 74 996902 2
57 40 910204 2
57 34 953008 3
57 43 985665 4
57 31 969366 1
58 100 903795 2
58 89 923054 5
58 94 917820 4
58 101 952962 5
58 22 952831 4
58 70 912393 3
58 65 908380 1
58 35 975296 2
58 38 941409 3
59 70 942541 2
59 78 924393 2
59 48 957910 5
59 9 992959 2
59 69 903049 2
59 14 922430 2
59 16 941635 5
59 9 966618 1
60 61 976169 2
60 89 920573 5
60 87 971339 2
60 54 971008 3
60 24 987583 2
60 20 995145 4
60 89 913146 2
60 45 915407 1
60 36 968717 1
60 102 943181 4
61 67 988782 5
61 55 967195 5
61 51 951020 2
61 5 915704 4
62 27 915831 2
62 8 929530 1
62 54 966095 3
62 84 920564 4
62 10 978507 5
62 64 985322 4
62 94 947905 5
62 102 913727 5
63 109 902750 1
63 64 916339 1
63 95 958932 4
63 81 970417 3
63 61 904028 4
63 76 992086 2
63 3 963731 5
63 70 925552 4
63 14 952057 4
63 85 905682 2
63 46 941497 1
63 93 930298 4
64 19 930519 5
64 36 971649 1
64 63 928639 1
64 77 939856 3
64 70 993563 5
64 25 985889 4
64 33 919233 5
64 74 966036 5
64 95 989910 4
64 105 905492 3
64 8 904243 2
64 35 901710 1
64 9 924713 1
64 90 947742 2
65 109 986026 1
65 37 983530 2
65 78 918190 5
65 91 921408 1
65 28 959345 2
65 68 967640 1
65 96 976176 3
66 101 937574 2
66 75 908814 1
66 85 972471 3
66 90 989539 3
66 86 954920 4
66 106 954564 5
66 74 987470 4
66 54 958196 2
66 53 917376 2
66 57 965931 4
66 109 999539 3
66 104 941438 1
66 106 940872 4
67 111 973009 2
67 26 975778 3
67 104 902933 2
67 97 976988 1
67 63 952740 4
67 55 974944 1
67 86 919000 4
67 19 940414 5
67 47 978730 3
68 1 900827 5
68 48 962780 2
68 9 941381 2
68 15 921987 3
69 99 990265 5
69 48 959828 5
69 13 977772 5
69 20 944249 5
69 39 968707 5
69 80 917744 5
69 22 996046 4
69 85 949669 3
69 108 946338 3
69 84 986619 3
69 2 970806 2
69 87 936283 5
69 22 967539 5
69 105 977066 3
70 97 993560 2
70 99 932707 3
70 47 915209 4
70 94 913738 1
70 85 937990 5
70 98 903239 3
71 106 933576 3
71 35 967898 5
71 109 919710 4
71 100 951132 4
71 110 996724 1
71 53 921683 2
72 4 982119 5
72 77 943595 4
72 50 901644 3
72 46 914836 5
72 63 941562 3
72 1 983080 2
72 86 935879 1
73 18 926789 5
73 38 989603 2
73 74 919057 5
73 34 976747 1
73 84 901408 3
73 88 997597 1
73 84 955338 2
73 84 933577 4
73 29 981364 1
73 59 971748 4
74 85 949510 4
74 45 961015 3
74 30 918772 1
74 77 976681 4
74 11 985768 4
74 40 967415 5
74 19 977278 3
75 13 922177 5
75 111 935712 2
75 78 996615 3
75 35 933317 1
75 54 946157 4
75 81 935916 2
75 61 920631 3
75 106 929511 2
76 87 982540 3
76 24 928457 5
76 70 986093 5
76 106 940857 4
76 37 963182 4
76 7 950840 3
76 7 929107 5
76 65 977168 5
76 59 902350 5
76 105 972764 3
76 27 951128 2
76 37 948343 1
77 83 966727 3
77 45 940013 1
77 31 926344 5
77 58 926120 1
77 89 949394 3
77 41 957560 4
78 92 970310 1
78 60 917831 1
78 77 979575 1
78 99 953484 5
78 76 953171 5
78 26 946313 5
78 97 901276 1
78 41 982720 3
78 21 985404 2
78 47 989621 1
78 51 907544 2
78 81 953037 2
78 91 955512 5
78 17 929476 2
78 19 960711 3
78 37 917154 4
78 28 953612 4
78 103 993252 4
79 39 998683 1
79 88 978046 4
79 101 975561 5
79 54 936711 2
79 26 993995 3
79 16 988761 5
79 36 973649 1
80 88 915249 1
80 1 997471 4
80 13 962819 1
80 20 929175 2
80 5 929373 3
80 50 972483 5
80 21 970460 3
80 88 980263 3
80 4 914467 3
80 67 902121 3
81 36 975197 3
81 17 993856 1
81 43 913068 3
81 50 963685 4
81 59 964563 2
82 36 945795 5
82 32 908990 5
82 13 939335 1
82 15 974514 5
82 45 932926 3
82 75 944904 3
82 41 985735 1
82 21 918185 2
82 104 965298 5
82 33 907653 4
83 31 906469 3
83 53 912762 4
83 48 900267 3
83 12 966661 4
83 28 937276 4
83 41 953408 5
83 93 956853 2
84 110 920362 4
84 92 975486 2
84 16 990397 1
84 110 948969 2
84 92 996594 2
84 43 916032 1
84 19 902292 5
84 73 958707 1
84 100 986625 3
84 24 979112 1
84 39 986899 3
84 41 998782 4
85 30 909658 3
85 108 955430 1
85 76 969121 5
85 18 926462 2
85 89 970570 2
86 59 990473 4
86 102 978207 4
86 93 986368 4
86 20 947404 3
86 43 943095 4
87 74 905918 3
87 75 926869 3
87 53 988786 5
87 27 961148 5
87 101 961603 2
87 67 915046 5
87 15 991040 5
87 55 925214 4
88 99 918248 3
88 105 903975 1
88 25 969619 2
88 71 927893 1
88 54 978692 1
88 36 973986 5
88 66 910839 2
88 30 910901 2
89 103 941134 2
89 95 922355 3
89 51 934776 5
89 23 917553 2
89 79 978167 3
89 20 968347 2
89 55 945884 1
89 31 969419 1
89 3 902943 2
89 10 987250 2
89 28 971160 1
89 16 993655 5
90 15 984730 4
90 89 913225 2
90 7 906731 3
90 36 935895 5
90 70 943168 2
90 104 972567 3
90 62 913441 2
91 102 929966 4
91 94 943521 4
92 53 984941 5
92 61 996921 3
92 59 976012 2
92 91 991143 2
92 80 978308 2
92 10 989237 5
93 4 956763 3
93 43 932562 5
93 25 912956 1
93 103 901594 3
93 12 922289 2
93 19 954040 5
94 101 995653 4
94 16 999560 5
94 109 955232 3
94 57 985611 5
94 102 969744 4
95 78 933797 1
95 3 986452 5
95 15 915179 3
95 38 919794 3
95 35 962158 4
95 78 984351 3
95 25 945865 4
95 26 996814 3
95 62 997877 1
95 54 931653 5
96 101 923908 4
96 11 944862 1
96 77 961892 1
96 92 967977 2
96 85 952063 2
96 92 990672 3
96 10 970300 4
96 27 984554 5
96 34 945821 2
97 98 945431 5
97 21 971867 5
97 106 938855 1
97 42 942930 4
97 23 907664 1
97 82 926084 3
97 45 925412 4
97 60 922395 1
97 78 998524 2
98 57 927302 3
98 75 956231 5
98 14 986198 2
98 108 966251 2
98 29 937811 1
98 14 966108 4
98 46 929804 4
98 111 900166 1
98 72 951280 1
98 55 954227 1
99 56 995739 3
99 39 942996 4
99 74 948013 5
100 81 966713 3
100 85 907079 2
100 26 991523 2
100 48 911758 1
100 101 954615 3
101 30 992477 1
101 69 969265 1
101 3 991745 4
101 20 992929 3
101 81 966390 4
101 103 908215 5
101 37 941460 5
101 91 945907 4
101 68 994562 3
101 1 941807 1
101 102 998288 5
101 57 991913 1
102 99 935686 4
102 72 923053 2
102 31 931534 1
102 78 944028 1
102 110 951231 3
102 61 906110 3
103 97 973285 5
103 99 964565 5
103 27 988564 2
103 55 903657 2
103 39 972565 1
103 104 997279 1
103 60 976455 2
103 82 980062 5
103 49 966687 4
103 43 968962 2
104 99 930245 1
104 80 975848 1
104 66 975610 3
104 57 982029 3
104 1 944544 5
104 74 965495 1
104 17 923083 5
104 54 912190 4
105 106 978764 3
105 62 975475 4
105 72 947805 3
105 30 901587 1
105 27 941806 1
105 68 956227 5
105 66 935037 2
105 106 994819 3
105 99 965906 4
105 95 938409 4
105 26 934246 4
106 108 959094 3
106 51 911363 5
106 79 989359 2
106 88 927598 1
106 79 991294 3
106 76 955850 5
106 111 902304 4
106 23 942818 3
106 69 914504 3
106 60 931600 2
106 26 959211 2
106 9 999229 1
106 55 941547 3
106 98 993482 3
106 57 944630 5
107 35 957491 5
107 49 985509 4
107 53 983258 5
107 103 981146 2
107 83 956929 4
107 74 916981 5
107 7 927990 5
107 29 956125 1
108 85 988123 5
108 40 908416 3
108 32 956803 4
108 107 911266 1
108 88 973591 5
108 74 991785 1
109 53 988902 4
109 31 909753 1
109 85 974541 4
109 68 957464 3
109 21 943673 5
109 83 934689 5
109 99 979740 2
110 105 934260 2
110 28 977031 1
110 101 934764 3
110 41 927196 1
110 54 959027 4
111 57 932526 2
111 92 982459 4
111 35 928451 3
111 76 967072 2
111 52 966020 1
111 95 964978 4
