0 24
100
1 2 213344 1
1 24 576326 1
1 21 246772 1
1 16 938936 1
1 23 957577 1
1 11 876358 1
1 8 70857 1
2 18 697849 1
2 3 92813 1
2 8 69150 1
2 3 126753 1
2 16 602507 1
2 25 17075 1
3 15 778953 1
3 15 965281 1
3 1 643334 1
3 12 577253 1
4 25 686204 1
4 17 122283 1
4 23 427411 1
4 23 131164 1
5 24 89204 1
5 12 848114 1
5 12 385958 1
5 15 453368 1
6 14 173686 1
6 18 848589 1
6 22 718283 1
7 18 593312 1
7 20 917921 1
7 12 324364 1
7 11 386157 1
7 20 520575 1
8 13 355953 1
8 14 652731 1
8 1 825304 1
8 7 650054 1
9 13 722767 1
9 21 207394 1
9 1 800200 1
9 18 10924 1
9 19 55032 1
9 21 113365 1
9 3 349820 1
10 24 759650 1
10 24 860457 1
10 4 904096 1
11 21 750106 1
12 24 454979 1
12 23 228919 1
12 19 577430 1
13 24 723075 1
13 1 246052 1
13 16 761895 1
13 9 656690 1
14 21 797649 1
14 22 44955 1
14 22 76869 1
14 6 27791 1
14 17 185061 1
15 25 225964 1
15 4 53789 1
15 25 540846 1
15 2 704392 1
16 4 430616 1
16 8 267582 1
16 25 801060 1
17 19 543428 1
17 13 611207 1
17 21 240269 1
17 6 742941 1
17 18 752929 1
17 9 211991 1
17 19 102101 1
18 19 290579 1
18 12 297018 1
19 4 65022 1
20 3 604927 1
20 3 831385 1
20 22 697925 1
20 24 409062 1
21 25 591804 1
21 4 78032 1
21 7 398239 1
22 9 173954 1
22 18 218388 1
22 21 128242 1
23 1 390822 1
23 14 392263 1
23 1 229976 1
24 9 96424 1
24 13 460724 1
24 23 731312 1
24 21 296939 1
25 10 983292 1
25 18 789341 1
25 2 558667 1
25 13 83470 1
25 2 784864 1
25 4 784400 1
