0 67
100
1 68 382190 1000000
2 21 366561 1000000
2 67 693549 1000000
3 10 549775 1000000
3 47 788684 1000000
4 54 298467 1000000
4 20 637615 1000000
4 44 666994 1000000
4 63 503160 1000000
4 18 495440 1000000
4 51 427769 1000000
5 49 97297 1000000
5 60 553335 1000000
5 19 249002 1000000
6 34 411100 1000000
6 61 681404 1000000
6 24 779616 1000000
7 38 851827 1000000
8 21 350959 1000000
9 32 790178 1000000
10 52 908050 1000000
10 27 74902 1000000
11 54 151358 1000000
11 39 389143 1000000
11 25 80827 1000000
12 34 262533 1000000
13 32 545715 1000000
13 36 873599 1000000
14 58 9883 1000000
15 16 69023 1000000
15 56 391403 1000000
15 53 441354 1000000
16 68 89792 1000000
16 33 591639 1000000
16 42 969252 1000000
17 57 434033 1000000
17 35 116701 1000000
18 66 873508 1000000
19 40 801607 1000000
20 35 75891 1000000
20 48 95639 1000000
21 44 764582 1000000
22 63 546875 1000000
22 21 968553 1000000
23 33 682498 1000000
23 54 678425 1000000
23 52 685849 1000000
24 58 11562 1000000
24 13 410396 1000000
25 28 169108 1000000
26 39 892412 1000000
26 41 576763 1000000
27 59 289207 1000000
29 44 916129 1000000
29 49 20920 1000000
29 62 894053 1000000
30 34 783986 1000000
31 54 265758 1000000
31 6 630938 1000000
32 35 167016 1000000
33 58 610836 1000000
33 46 870543 1000000
33 55 543514 1000000
33 26 838796 1000000
34 68 599001 1000000
34 18 656307 1000000
35 37 233508 1000000
38 47 868225 1000000
39 64 841110 1000000
40 63 180735 1000000
40 45 298732 1000000
40 59 423742 1000000
42 68 602508 1000000
42 68 626010 1000000
42 41 660799 1000000
43 50 578111 1000000
44 64 172093 1000000
45 62 19770 1000000
46 5 488742 1000000
47 48 105024 1000000
47 25 44512 1000000
49 48 906753 1000000
49 14 745490 1000000
49 41 98529 1000000
50 54 638503 1000000
52 68 19818 1000000
52 57 166967 1000000
52 26 458944 1000000
53 4 697653 1000000
54 61 302126 1000000
56 60 365078 1000000
56 54 700302 1000000
58 67 42477 1000000
61 2 589114 1000000
62 13 304965 1000000
62 56 707138 1000000
64 22 343624 1000000
64 19 943447 1000000
65 68 598257 1000000
67 68 198416 1000000
