0 6
1000
1 5 492371 74854
1 4 925981 74854
1 2 411435 74854
1 2 68102 74854
1 6 418420 74854
1 4 376762 74854
1 6 558476 74854
1 5 712542 74854
1 3 51998 74854
1 4 717110 74854
1 2 169199 74854
1 2 485383 74854
1 5 481111 74854
1 7 961841 74854
1 7 299990 74854
1 6 863399 74854
1 5 207310 74854
1 3 971495 74854
1 3 583950 74854
1 2 382651 74854
1 5 95535 74854
1 5 317856 74854
1 2 300125 74854
1 3 829441 74854
1 3 967543 74854
1 5 438292 74854
1 6 81289 74854
1 2 174329 74854
1 2 703546 74854
1 3 466763 74854
1 6 936716 74854
1 2 949109 74854
1 4 167293 74854
1 7 777283 74854
1 6 361250 74854
1 3 917501 74854
1 7 266294 74854
1 5 441856 74854
1 2 15924 74854
1 3 977696 74854
1 5 385184 74854
1 2 408105 74854
1 2 679096 74854
1 2 197025 74854
1 4 270903 74854
1 7 536799 74854
1 2 864886 74854
1 4 384322 74854
1 4 173681 74854
1 4 265831 74854
1 3 283151 74854
1 7 948283 74854
1 7 641718 74854
1 3 508550 74854
1 5 779581 74854
1 3 340139 74854
1 7 856258 74854
1 3 517308 74854
1 3 857958 74854
1 3 980388 74854
1 3 757492 74854
1 3 892943 74854
1 4 786946 74854
1 4 905424 74854
1 3 221297 74854
1 7 963635 74854
1 6 445261 74854
1 3 250479 74854
1 5 554557 74854
1 4 953422 74854
1 5 597015 74854
1 4 599805 74854
1 7 964325 74854
1 2 319892 74854
1 5 616076 74854
1 7 519116 74854
1 6 911837 74854
1 6 27788 74854
1 6 935489 74854
1 3 603564 74854
1 7 892826 74854
1 7 545006 74854
1 6 34449 74854
1 6 535069 74854
1 6 924479 74854
1 4 557427 74854
1 4 893691 74854
1 2 567140 74854
1 5 320544 74854
1 6 818319 74854
1 5 750715 74854
1 7 129461 74854
1 2 64425 74854
1 4 723342 74854
1 4 310798 74854
1 7 60587 74854
1 4 7720 74854
1 2 999379 74854
1 2 553339 74854
1 3 739138 74854
1 7 887964 74854
1 4 243639 74854
1 2 444326 74854
1 2 485375 74854
1 7 764783 74854
1 6 124770 74854
1 2 86739 74854
1 7 946010 74854
1 5 659996 74854
1 6 410620 74854
1 4 468373 74854
1 2 119284 74854
1 4 433517 74854
1 7 881288 74854
1 4 662545 74854
1 4 414726 74854
1 4 681198 74854
1 5 255600 74854
1 7 625312 74854
1 4 789383 74854
1 2 954518 74854
1 2 533045 74854
1 7 114058 74854
1 7 564535 74854
1 2 377301 74854
1 3 243235 74854
1 7 279106 74854
1 2 816417 74854
1 4 606930 74854
1 3 489842 74854
1 7 189738 74854
1 6 874833 74854
1 7 362601 74854
1 3 54715 74854
1 7 16603 74854
1 2 880082 74854
1 6 186795 74854
1 4 494773 74854
1 7 913610 74854
1 7 318988 74854
1 7 270149 74854
1 4 772683 74854
1 6 72893 74854
1 2 598391 74854
1 4 363072 74854
2 5 837021 74854
2 3 178867 74854
2 4 400842 74854
2 1 744862 74854
2 5 43700 74854
2 3 487786 74854
2 7 227380 74854
2 6 255316 74854
2 1 521502 74854
2 6 44521 74854
2 1 373893 74854
2 5 544868 74854
2 1 87303 74854
2 3 271020 74854
2 5 856278 74854
2 7 24542 74854
2 3 99408 74854
2 7 268394 74854
2 4 958399 74854
2 4 551390 74854
2 4 339940 74854
2 4 467543 74854
2 5 195959 74854
2 7 167113 74854
2 1 773230 74854
2 5 912445 74854
2 1 925548 74854
2 3 828701 74854
2 4 768860 74854
2 5 189505 74854
2 1 431024 74854
2 1 277002 74854
2 5 111597 74854
2 3 504108 74854
2 1 18728 74854
2 6 295194 74854
2 4 601633 74854
2 7 253139 74854
2 7 853120 74854
2 7 630049 74854
2 1 319843 74854
2 7 158494 74854
2 7 49831 74854
2 6 891093 74854
2 4 492749 74854
2 3 466054 74854
2 5 814276 74854
2 6 860976 74854
2 6 691873 74854
2 1 26245 74854
2 7 147358 74854
2 6 554325 74854
2 6 147710 74854
2 6 650268 74854
2 1 483980 74854
2 6 354322 74854
2 7 302826 74854
2 4 69563 74854
2 3 872186 74854
2 1 912836 74854
2 7 544188 74854
2 6 535112 74854
2 7 112135 74854
2 3 325909 74854
2 3 943770 74854
2 5 748966 74854
2 7 365841 74854
2 7 326224 74854
2 5 705334 74854
2 1 201087 74854
2 1 855970 74854
2 5 684493 74854
2 5 887274 74854
2 7 572607 74854
2 1 582376 74854
2 6 424686 74854
2 4 447318 74854
2 5 905564 74854
2 7 987979 74854
2 1 91419 74854
2 3 893345 74854
2 7 653467 74854
2 5 138121 74854
2 7 391764 74854
2 4 47093 74854
2 5 255912 74854
2 7 441138 74854
2 3 366647 74854
2 1 614633 74854
2 4 291777 74854
2 6 855528 74854
2 1 416008 74854
2 7 370037 74854
2 1 752004 74854
2 3 333061 74854
2 1 983395 74854
2 7 154158 74854
2 3 422599 74854
2 5 34388 74854
2 1 655330 74854
2 5 255685 74854
2 4 943337 74854
2 1 323930 74854
2 4 612294 74854
2 6 85627 74854
2 3 299000 74854
2 1 456782 74854
2 4 616874 74854
2 6 571986 74854
2 5 783066 74854
2 4 341524 74854
2 5 489273 74854
2 1 958517 74854
2 7 636099 74854
2 1 243036 74854
2 5 808392 74854
2 1 281159 74854
2 1 91962 74854
2 5 966124 74854
2 6 331227 74854
2 6 250069 74854
2 3 896601 74854
2 7 961581 74854
2 7 866409 74854
2 4 892 74854
2 4 956866 74854
2 5 168037 74854
2 4 920211 74854
2 1 798071 74854
2 6 216361 74854
2 4 321237 74854
2 4 4912 74854
2 1 884765 74854
2 1 272988 74854
3 5 996406 74854
3 2 611645 74854
3 6 620918 74854
3 1 444676 74854
3 4 19821 74854
3 1 960866 74854
3 1 875106 74854
3 2 770344 74854
3 2 208932 74854
3 2 971786 74854
3 7 622601 74854
3 1 486214 74854
3 6 713889 74854
3 4 48266 74854
3 5 657544 74854
3 6 292013 74854
3 1 312797 74854
3 5 570057 74854
3 2 312986 74854
3 2 519689 74854
3 1 335077 74854
3 6 869081 74854
3 7 103775 74854
3 6 91351 74854
3 2 664811 74854
3 7 791687 74854
3 7 709450 74854
3 7 279016 74854
3 5 239428 74854
3 4 590979 74854
3 7 570303 74854
3 5 496428 74854
3 2 77931 74854
3 4 521296 74854
3 4 151453 74854
3 1 228738 74854
3 1 816677 74854
3 1 792927 74854
3 2 315565 74854
3 6 992178 74854
3 7 825280 74854
3 5 81999 74854
3 2 565 74854
3 6 123422 74854
3 1 375826 74854
3 7 544854 74854
3 5 52601 74854
3 5 20108 74854
3 5 590909 74854
3 5 280175 74854
3 5 66827 74854
3 1 949418 74854
3 6 539311 74854
3 5 871958 74854
3 4 641668 74854
3 4 170484 74854
3 5 242032 74854
3 2 820988 74854
3 5 911207 74854
3 5 459717 74854
3 6 805696 74854
3 2 492442 74854
3 5 172070 74854
3 2 636902 74854
3 7 455514 74854
3 7 275022 74854
3 2 632167 74854
3 7 774841 74854
3 6 962981 74854
3 4 346396 74854
3 4 273888 74854
3 5 36121 74854
3 7 498804 74854
3 2 905575 74854
3 7 951372 74854
3 2 720546 74854
3 2 835967 74854
3 7 531055 74854
3 6 174162 74854
3 4 595170 74854
3 6 482904 74854
3 5 665615 74854
3 7 145780 74854
3 6 817020 74854
3 7 350583 74854
3 2 582277 74854
3 5 382329 74854
3 5 329847 74854
3 5 60189 74854
3 2 207099 74854
3 6 837336 74854
3 1 861828 74854
3 4 736141 74854
3 4 190993 74854
3 4 863016 74854
3 7 720325 74854
3 7 414491 74854
3 4 737007 74854
3 1 837868 74854
3 7 769807 74854
3 1 656996 74854
3 2 765045 74854
3 1 902357 74854
3 1 688662 74854
3 1 326619 74854
3 1 348347 74854
3 4 645586 74854
3 6 166482 74854
3 5 620832 74854
3 6 112189 74854
3 6 757936 74854
3 1 83501 74854
3 2 781057 74854
3 1 465745 74854
3 5 901651 74854
3 4 460725 74854
3 5 920471 74854
3 7 498383 74854
3 7 352526 74854
3 1 277312 74854
3 7 102842 74854
3 4 820669 74854
3 5 68749 74854
3 7 641401 74854
4 1 805673 74854
4 5 101815 74854
4 6 910015 74854
4 3 14436 74854
4 6 247174 74854
4 6 201751 74854
4 2 531743 74854
4 2 972583 74854
4 2 40401 74854
4 5 640770 74854
4 1 229188 74854
4 5 94981 74854
4 3 932789 74854
4 7 631457 74854
4 1 606189 74854
4 3 957337 74854
4 1 488280 74854
4 7 5650 74854
4 3 897160 74854
4 7 429619 74854
4 1 535825 74854
4 2 129959 74854
4 6 812687 74854
4 1 914146 74854
4 5 966073 74854
4 2 823133 74854
4 7 558183 74854
4 3 541184 74854
4 6 775227 74854
4 5 339132 74854
4 1 330285 74854
4 5 71401 74854
4 3 484454 74854
4 6 651737 74854
4 5 13964 74854
4 1 177973 74854
4 2 532069 74854
4 5 845059 74854
4 1 989383 74854
4 2 723290 74854
4 1 384425 74854
4 6 798911 74854
4 2 457312 74854
4 7 139196 74854
4 3 605167 74854
4 6 904605 74854
4 5 908484 74854
4 7 23606 74854
4 7 181219 74854
4 7 80282 74854
4 3 14852 74854
4 3 293304 74854
4 3 846008 74854
4 2 346343 74854
4 6 504759 74854
4 2 635047 74854
4 1 107554 74854
4 6 30937 74854
4 3 93012 74854
4 5 937489 74854
4 2 811497 74854
4 6 564008 74854
4 5 215399 74854
4 6 655312 74854
4 2 88612 74854
4 6 30770 74854
4 1 190234 74854
4 3 170249 74854
4 7 989814 74854
4 1 126158 74854
4 5 556838 74854
4 7 103998 74854
4 1 300786 74854
4 5 582393 74854
4 6 398169 74854
4 7 189868 74854
4 1 802706 74854
4 2 696979 74854
4 1 375756 74854
4 6 766561 74854
4 5 984553 74854
4 7 44820 74854
4 3 429500 74854
4 6 660461 74854
4 6 104403 74854
4 2 849884 74854
4 7 854700 74854
4 5 4009 74854
4 2 165796 74854
4 2 97048 74854
4 2 781184 74854
4 6 955539 74854
4 5 11986 74854
4 1 692231 74854
4 2 572097 74854
4 3 131505 74854
4 3 137931 74854
4 6 13283 74854
4 6 219028 74854
4 7 54451 74854
4 7 736628 74854
4 5 813973 74854
4 7 160487 74854
4 2 607007 74854
4 2 845729 74854
4 1 876888 74854
4 7 654339 74854
4 3 803896 74854
4 1 359388 74854
4 7 759762 74854
4 5 936664 74854
4 6 305294 74854
4 3 810187 74854
4 1 490546 74854
4 6 468033 74854
4 1 834978 74854
4 7 28370 74854
4 5 355526 74854
4 5 255631 74854
4 5 738238 74854
4 5 203342 74854
4 1 810383 74854
4 6 642424 74854
4 1 711663 74854
4 1 537999 74854
4 1 603884 74854
4 5 816855 74854
4 1 308279 74854
4 3 382 74854
4 1 892231 74854
4 2 970104 74854
4 7 772576 74854
4 1 42226 74854
4 5 987847 74854
4 5 581941 74854
4 6 605606 74854
4 2 123788 74854
4 6 814015 74854
4 2 363150 74854
4 7 602830 74854
4 2 654319 74854
4 5 610236 74854
4 5 833674 74854
4 1 171901 74854
4 5 900144 74854
4 2 96870 74854
4 1 858010 74854
4 6 666642 74854
4 2 634160 74854
4 6 265750 74854
4 5 95562 74854
5 7 490011 74854
5 6 155342 74854
5 4 334214 74854
5 3 616409 74854
5 2 453140 74854
5 2 244353 74854
5 3 62002 74854
5 4 3969 74854
5 3 227889 74854
5 4 184911 74854
5 1 631112 74854
5 1 766712 74854
5 3 631718 74854
5 1 471452 74854
5 2 50838 74854
5 3 811405 74854
5 6 989138 74854
5 2 355696 74854
5 4 494259 74854
5 2 690306 74854
5 6 500258 74854
5 4 371999 74854
5 3 389307 74854
5 7 321762 74854
5 7 363178 74854
5 1 328413 74854
5 3 725713 74854
5 6 978857 74854
5 3 43411 74854
5 1 162540 74854
5 7 832697 74854
5 1 870213 74854
5 7 537119 74854
5 4 302676 74854
5 6 626481 74854
5 7 234674 74854
5 2 941873 74854
5 4 129340 74854
5 3 141930 74854
5 4 799932 74854
5 4 481134 74854
5 1 756866 74854
5 4 574959 74854
5 1 937345 74854
5 6 503436 74854
5 6 964422 74854
5 3 737988 74854
5 3 365987 74854
5 3 471319 74854
5 4 895453 74854
5 6 51765 74854
5 3 951569 74854
5 4 503528 74854
5 4 982307 74854
5 4 969036 74854
5 3 323076 74854
5 3 704041 74854
5 3 420031 74854
5 1 79939 74854
5 3 412700 74854
5 1 627468 74854
5 4 426597 74854
5 3 567297 74854
5 6 207858 74854
5 2 155164 74854
5 2 238584 74854
5 2 200429 74854
5 7 201805 74854
5 3 131324 74854
5 3 367683 74854
5 3 121321 74854
5 7 546576 74854
5 3 635956 74854
5 1 59643 74854
5 6 295767 74854
5 6 506180 74854
5 4 86050 74854
5 3 816077 74854
5 3 599477 74854
5 2 267881 74854
5 1 265092 74854
5 7 890368 74854
5 6 462321 74854
5 7 486341 74854
5 3 440598 74854
5 2 211318 74854
5 2 526224 74854
5 7 879018 74854
5 1 311635 74854
5 1 560732 74854
5 6 18039 74854
5 4 407047 74854
5 1 768351 74854
5 7 290765 74854
5 3 903531 74854
5 1 671103 74854
5 7 42890 74854
5 4 830822 74854
5 1 166311 74854
5 2 159223 74854
5 4 71546 74854
5 1 704976 74854
5 2 162273 74854
5 1 732275 74854
5 4 501156 74854
5 1 603407 74854
5 3 971330 74854
5 1 26562 74854
5 1 525791 74854
5 2 423570 74854
5 4 179387 74854
5 3 412662 74854
5 1 418532 74854
5 6 857181 74854
5 2 573477 74854
5 2 215195 74854
5 1 167709 74854
5 1 962318 74854
5 2 717051 74854
5 1 353707 74854
5 2 283344 74854
5 1 337763 74854
5 7 261287 74854
5 2 974098 74854
5 4 759392 74854
5 1 85161 74854
5 3 860363 74854
5 3 74630 74854
5 2 783309 74854
5 3 353681 74854
5 4 337646 74854
5 1 597321 74854
5 4 540836 74854
5 4 369950 74854
5 3 285612 74854
5 4 812477 74854
5 3 515896 74854
5 1 189295 74854
5 7 268750 74854
5 2 371063 74854
5 6 162221 74854
5 2 635711 74854
5 6 972874 74854
5 6 411764 74854
5 2 53736 74854
5 7 166970 74854
5 4 917785 74854
5 4 667626 74854
5 6 596843 74854
5 1 344580 74854
5 4 567319 74854
5 3 33176 74854
5 4 43638 74854
6 1 843756 74854
6 3 477975 74854
6 4 112463 74854
6 1 333028 74854
6 3 160531 74854
6 7 546945 74854
6 7 809989 74854
6 3 922740 74854
6 2 972514 74854
6 5 864827 74854
6 2 148845 74854
6 4 599413 74854
6 3 14130 74854
6 2 544664 74854
6 5 475665 74854
6 2 412211 74854
6 4 838715 74854
6 7 272783 74854
6 3 760936 74854
6 7 924084 74854
6 1 521165 74854
6 2 595790 74854
6 5 61868 74854
6 2 614346 74854
6 1 791491 74854
6 5 875610 74854
6 5 276325 74854
6 4 791980 74854
6 3 32477 74854
6 2 214708 74854
6 5 183578 74854
6 2 43291 74854
6 3 419014 74854
6 4 114990 74854
6 5 371531 74854
6 4 592820 74854
6 3 907557 74854
6 4 143916 74854
6 5 53592 74854
6 2 796259 74854
6 5 389307 74854
6 3 550598 74854
6 2 759078 74854
6 1 176036 74854
6 1 903048 74854
6 2 478132 74854
6 1 540441 74854
6 2 273175 74854
6 4 282972 74854
6 1 966584 74854
6 3 114499 74854
6 1 406716 74854
6 2 883409 74854
6 5 589669 74854
6 5 787234 74854
6 5 389878 74854
6 7 639666 74854
6 2 384296 74854
6 1 661781 74854
6 2 902938 74854
6 5 504531 74854
6 3 911918 74854
6 3 896195 74854
6 4 494106 74854
6 2 994497 74854
6 7 808468 74854
6 1 956692 74854
6 3 185725 74854
6 5 930657 74854
6 1 701093 74854
6 1 337919 74854
6 2 257638 74854
6 2 708160 74854
6 3 181943 74854
6 3 627398 74854
6 2 834228 74854
6 2 864784 74854
6 4 245537 74854
6 3 956466 74854
6 4 652148 74854
6 5 222663 74854
6 5 907900 74854
6 4 199049 74854
6 1 788432 74854
6 2 575948 74854
6 1 320946 74854
6 1 704097 74854
6 4 477215 74854
6 7 705685 74854
6 4 887500 74854
6 3 408113 74854
6 3 715594 74854
6 2 7593 74854
6 7 519532 74854
6 2 566261 74854
6 2 18896 74854
6 3 895893 74854
6 7 990180 74854
6 2 947388 74854
6 5 377964 74854
6 4 650624 74854
6 1 345051 74854
6 1 746574 74854
6 3 812460 74854
6 7 947877 74854
6 7 136744 74854
6 5 570962 74854
6 3 466956 74854
6 7 961593 74854
6 7 618792 74854
6 1 579967 74854
6 3 34049 74854
6 5 437312 74854
6 4 117978 74854
6 3 657358 74854
6 1 571500 74854
6 3 791395 74854
6 7 425796 74854
6 1 584039 74854
6 5 504442 74854
6 1 506440 74854
6 2 164683 74854
6 7 485844 74854
6 1 193172 74854
6 5 141846 74854
6 4 787998 74854
6 2 150128 74854
6 5 971927 74854
6 1 239596 74854
6 1 65698 74854
6 5 491644 74854
6 7 867868 74854
6 4 754258 74854
6 3 250454 74854
6 2 818827 74854
6 7 195984 74854
6 4 55944 74854
6 2 838529 74854
6 3 767224 74854
6 4 635608 74854
6 1 993649 74854
6 2 386478 74854
6 1 391910 74854
6 2 402252 74854
6 7 809498 74854
6 3 80689 74854
6 7 342028 74854
6 5 772162 74854
7 1 606035 74854
7 2 119028 74854
7 3 342691 74854
7 5 50743 74854
7 4 307939 74854
7 6 8927 74854
7 3 721935 74854
7 3 211673 74854
7 4 639845 74854
7 4 551485 74854
7 2 707401 74854
7 4 211630 74854
7 5 340734 74854
7 2 473438 74854
7 4 263161 74854
7 3 140955 74854
7 1 550378 74854
7 3 206975 74854
7 2 502508 74854
7 4 633767 74854
7 6 231041 74854
7 4 390467 74854
7 2 387353 74854
7 6 18278 74854
7 2 368187 74854
7 6 994306 74854
7 1 93760 74854
7 1 888092 74854
7 6 492924 74854
7 5 422728 74854
7 4 494733 74854
7 5 191541 74854
7 2 122224 74854
7 2 931653 74854
7 6 84814 74854
7 5 985477 74854
7 6 211223 74854
7 4 54522 74854
7 4 398761 74854
7 2 555488 74854
7 1 257018 74854
7 6 517877 74854
7 3 373183 74854
7 4 352218 74854
7 4 314213 74854
7 6 944756 74854
7 1 520853 74854
7 5 475395 74854
7 2 75723 74854
7 3 175859 74854
7 4 95345 74854
7 5 89834 74854
7 1 179738 74854
7 2 489142 74854
7 5 364127 74854
7 1 644252 74854
7 6 631177 74854
7 6 218578 74854
7 4 215848 74854
7 3 976632 74854
7 6 220632 74854
7 3 322658 74854
7 4 288625 74854
7 3 129464 74854
7 2 703947 74854
7 3 883037 74854
7 4 437434 74854
7 4 972584 74854
7 4 693318 74854
7 5 186853 74854
7 3 637567 74854
7 1 720714 74854
7 2 751652 74854
7 4 252788 74854
7 5 855996 74854
7 5 667575 74854
7 3 290081 74854
7 1 898103 74854
7 3 912317 74854
7 6 624365 74854
7 4 175622 74854
7 1 170772 74854
7 4 773323 74854
7 1 970779 74854
7 5 152013 74854
7 5 529816 74854
7 1 853380 74854
7 5 674855 74854
7 6 955845 74854
7 6 478561 74854
7 6 647600 74854
7 1 640304 74854
7 4 434243 74854
7 2 823614 74854
7 6 58801 74854
7 3 170361 74854
7 4 859880 74854
7 5 134909 74854
7 1 593483 74854
7 1 10817 74854
7 6 884536 74854
7 3 117583 74854
7 6 292620 74854
7 2 805708 74854
7 4 754232 74854
7 2 328042 74854
7 4 806301 74854
7 3 948169 74854
7 2 329457 74854
7 1 905277 74854
7 2 663724 74854
7 1 858373 74854
7 5 860085 74854
7 1 39948 74854
7 4 402187 74854
7 4 391185 74854
7 5 345676 74854
7 3 394919 74854
7 3 280281 74854
7 1 924115 74854
7 2 496933 74854
7 1 201987 74854
7 2 567494 74854
7 4 958247 74854
7 2 772205 74854
7 1 464338 74854
7 3 328468 74854
7 2 837023 74854
7 4 17786 74854
7 1 470521 74854
7 3 224980 74854
7 4 942001 74854
7 3 792735 74854
7 1 777519 74854
7 4 487745 74854
7 6 166145 74854
7 5 728225 74854
7 4 153561 74854
7 4 609353 74854
7 5 349731 74854
7 2 84641 74854
7 4 639813 74854
7 3 359160 74854
7 3 576547 74854
7 6 111962 74854
