0 8
1000
1 2 891428 208330
1 3 920928 208330
1 4 145213 208330
1 4 789768 208330
1 7 990205 208330
1 7 527755 208330
1 4 560161 208330
1 7 972328 208330
1 5 176652 208330
1 5 828552 208330
1 5 159734 208330
1 9 341181 208330
1 8 460450 208330
1 5 605213 208330
1 5 1835 208330
1 9 344608 208330
1 9 118034 208330
1 2 152950 208330
1 6 983492 208330
1 9 273176 208330
1 7 210350 208330
1 3 385774 208330
1 6 696005 208330
1 6 332486 208330
1 3 561867 208330
1 2 150234 208330
1 5 413649 208330
1 3 450928 208330
1 7 501710 208330
1 3 53166 208330
1 7 350626 208330
1 3 739607 208330
1 8 96322 208330
1 8 659763 208330
1 6 591899 208330
1 4 646198 208330
1 7 942737 208330
1 7 814056 208330
1 9 71120 208330
1 9 905774 208330
1 7 348963 208330
1 5 748067 208330
1 9 317685 208330
1 2 137195 208330
1 2 369314 208330
1 2 394618 208330
1 5 173809 208330
1 3 342010 208330
1 8 793430 208330
1 9 612014 208330
1 3 670228 208330
1 2 953017 208330
1 8 682429 208330
1 7 812854 208330
1 5 827746 208330
1 4 498069 208330
1 9 489957 208330
1 9 589783 208330
1 4 200162 208330
1 2 11503 208330
1 4 478811 208330
1 9 253036 208330
1 4 584955 208330
1 8 324630 208330
1 8 111879 208330
1 8 536613 208330
1 2 645871 208330
1 5 111335 208330
1 6 669132 208330
1 3 808094 208330
1 7 481824 208330
1 6 674599 208330
1 6 125506 208330
1 7 427460 208330
1 6 938901 208330
1 9 723510 208330
1 2 642946 208330
1 4 242478 208330
1 6 356896 208330
1 8 388982 208330
1 6 451703 208330
1 4 403314 208330
1 5 266757 208330
1 4 661961 208330
1 6 268620 208330
1 3 900854 208330
1 3 383525 208330
1 3 624603 208330
1 6 239582 208330
1 9 781420 208330
1 3 384300 208330
1 2 124028 208330
1 8 462319 208330
1 9 996228 208330
1 3 342800 208330
1 7 798772 208330
1 4 668540 208330
1 4 773888 208330
1 8 24807 208330
1 3 581505 208330
1 5 790968 208330
1 9 998311 208330
1 6 125626 208330
1 6 343099 208330
1 9 489415 208330
1 7 625455 208330
1 7 259500 208330
1 9 691362 208330
1 9 216129 208330
1 2 158715 208330
1 4 7972 208330
1 7 253762 208330
1 3 986716 208330
1 5 92749 208330
1 6 187723 208330
1 7 221536 208330
2 8 456932 208330
2 1 876608 208330
2 7 652735 208330
2 1 293744 208330
2 9 255070 208330
2 9 122818 208330
2 8 939370 208330
2 6 134097 208330
2 3 743116 208330
2 8 185469 208330
2 6 201112 208330
2 6 694115 208330
2 5 469331 208330
2 1 515524 208330
2 4 62044 208330
2 5 22322 208330
2 1 971945 208330
2 9 96549 208330
2 8 480447 208330
2 5 506756 208330
2 9 753084 208330
2 7 873501 208330
2 5 231796 208330
2 6 389714 208330
2 1 542824 208330
2 7 318445 208330
2 8 426737 208330
2 9 975555 208330
2 1 138611 208330
2 3 859455 208330
2 6 315231 208330
2 7 547581 208330
2 6 686387 208330
2 5 841546 208330
2 3 394696 208330
2 3 108130 208330
2 7 501580 208330
2 8 300489 208330
2 9 32051 208330
2 6 84834 208330
2 8 785695 208330
2 6 551504 208330
2 6 528091 208330
2 8 876577 208330
2 1 720591 208330
2 9 907136 208330
2 5 18466 208330
2 9 453327 208330
2 1 831187 208330
2 7 108533 208330
2 9 244298 208330
2 5 790544 208330
2 5 432893 208330
2 4 254852 208330
2 5 295869 208330
2 3 769776 208330
2 8 206512 208330
2 6 960581 208330
2 8 253244 208330
2 1 875871 208330
2 9 412257 208330
2 4 773563 208330
2 5 325264 208330
2 3 234720 208330
2 3 260251 208330
2 6 630104 208330
2 1 31272 208330
2 7 663460 208330
2 5 527675 208330
2 3 144794 208330
2 5 465562 208330
2 6 185911 208330
2 6 11872 208330
2 6 870182 208330
2 5 24157 208330
2 5 899998 208330
2 9 940976 208330
2 5 739571 208330
2 3 708678 208330
2 6 984350 208330
2 3 758148 208330
2 7 638880 208330
2 5 589187 208330
2 8 298340 208330
2 1 362070 208330
2 5 138776 208330
2 3 57700 208330
2 8 480432 208330
2 5 415317 208330
2 1 637992 208330
2 7 467064 208330
2 3 452069 208330
2 8 670637 208330
2 9 549820 208330
2 6 512663 208330
2 4 169826 208330
2 9 356735 208330
2 1 691253 208330
2 5 552413 208330
2 4 735184 208330
2 4 354789 208330
2 8 883242 208330
2 8 305543 208330
2 9 762530 208330
2 9 989019 208330
3 9 860519 208330
3 5 63364 208330
3 1 78657 208330
3 4 116743 208330
3 2 166688 208330
3 1 556665 208330
3 8 822961 208330
3 2 13327 208330
3 7 80851 208330
3 7 185808 208330
3 2 151010 208330
3 5 789645 208330
3 8 334514 208330
3 8 967138 208330
3 9 814766 208330
3 8 361892 208330
3 6 246596 208330
3 9 727620 208330
3 8 404932 208330
3 4 316085 208330
3 5 971945 208330
3 8 631910 208330
3 7 360496 208330
3 5 509730 208330
3 8 882483 208330
3 4 25038 208330
3 6 679480 208330
3 5 540904 208330
3 5 951946 208330
3 7 373382 208330
3 6 962658 208330
3 6 5460 208330
3 1 71057 208330
3 6 741322 208330
3 8 539688 208330
3 9 129676 208330
3 2 847544 208330
3 1 389770 208330
3 4 55473 208330
3 5 254584 208330
3 9 100619 208330
3 1 929732 208330
3 2 439665 208330
3 7 431043 208330
3 5 910059 208330
3 6 742110 208330
3 2 249843 208330
3 5 724659 208330
3 7 749015 208330
3 8 255465 208330
3 5 813508 208330
3 7 174599 208330
3 9 839037 208330
3 5 689202 208330
3 7 796862 208330
3 6 38843 208330
3 1 844779 208330
3 1 51905 208330
3 7 659672 208330
3 8 195356 208330
3 8 194379 208330
3 8 812002 208330
3 5 635314 208330
3 4 607666 208330
3 7 57974 208330
3 8 746950 208330
3 4 898343 208330
3 5 891799 208330
3 8 771009 208330
3 8 979160 208330
3 5 709444 208330
3 5 931565 208330
3 4 426619 208330
3 7 381540 208330
3 2 155896 208330
3 5 681038 208330
3 4 446837 208330
3 4 712727 208330
3 2 146397 208330
3 2 849910 208330
3 6 38276 208330
3 9 82555 208330
3 4 759419 208330
3 1 60180 208330
3 8 328432 208330
3 2 548111 208330
3 6 488110 208330
3 8 354465 208330
3 8 591690 208330
3 1 657974 208330
3 9 580173 208330
3 9 475113 208330
3 9 833663 208330
3 2 73372 208330
3 7 854064 208330
3 6 432754 208330
3 1 282834 208330
3 9 684239 208330
3 6 964770 208330
3 9 238717 208330
3 9 775383 208330
3 7 642429 208330
3 4 368559 208330
3 8 19056 208330
3 8 500601 208330
3 6 451979 208330
3 4 64804 208330
3 8 643068 208330
3 9 843050 208330
3 7 853370 208330
3 1 896930 208330
3 6 341208 208330
3 1 262987 208330
3 2 916868 208330
3 8 969374 208330
3 9 882966 208330
3 1 458519 208330
3 2 377086 208330
3 5 679200 208330
3 8 197271 208330
3 4 970221 208330
3 2 822709 208330
3 9 109321 208330
3 1 838117 208330
4 6 188626 208330
4 5 669943 208330
4 7 565490 208330
4 1 297214 208330
4 2 378946 208330
4 6 692573 208330
4 1 695277 208330
4 6 164337 208330
4 8 627852 208330
4 9 691347 208330
4 9 654537 208330
4 7 220035 208330
4 5 544126 208330
4 2 52115 208330
4 6 460986 208330
4 5 926917 208330
4 8 760540 208330
4 5 877874 208330
4 1 87596 208330
4 3 172214 208330
4 2 121250 208330
4 6 753166 208330
4 3 429681 208330
4 8 677444 208330
4 8 771916 208330
4 5 136507 208330
4 5 448222 208330
4 1 166521 208330
4 9 218480 208330
4 3 515584 208330
4 8 663528 208330
4 1 202233 208330
4 7 283565 208330
4 6 24978 208330
4 1 694104 208330
4 1 646354 208330
4 3 968060 208330
4 7 318283 208330
4 6 696736 208330
4 3 689411 208330
4 1 933521 208330
4 6 506179 208330
4 1 164585 208330
4 1 38150 208330
4 6 501687 208330
4 1 956466 208330
4 2 136051 208330
4 5 149619 208330
4 3 746541 208330
4 5 512342 208330
4 7 375118 208330
4 2 372764 208330
4 5 365968 208330
4 1 168331 208330
4 1 599089 208330
4 6 266123 208330
4 5 589559 208330
4 6 219634 208330
4 8 32913 208330
4 8 109072 208330
4 3 470923 208330
4 3 411060 208330
4 5 186060 208330
4 2 780507 208330
4 8 950248 208330
4 5 57722 208330
4 9 94398 208330
4 7 167918 208330
4 7 115431 208330
4 9 243752 208330
4 8 782983 208330
4 8 108994 208330
4 2 872826 208330
4 6 705832 208330
4 3 274317 208330
4 7 518420 208330
4 2 41936 208330
4 6 367630 208330
4 6 255770 208330
4 2 207023 208330
4 6 517598 208330
4 3 29134 208330
4 7 864011 208330
4 7 504538 208330
4 3 858218 208330
4 6 12971 208330
4 7 650851 208330
4 1 503423 208330
4 9 563753 208330
4 9 124447 208330
4 8 2065 208330
4 5 612918 208330
4 8 466719 208330
4 5 839655 208330
4 7 645204 208330
4 5 102892 208330
4 8 647087 208330
4 8 528086 208330
4 1 884828 208330
4 5 196814 208330
4 6 809544 208330
4 1 29934 208330
4 1 679543 208330
4 7 989018 208330
4 6 941409 208330
4 5 369875 208330
4 6 989132 208330
4 9 439877 208330
4 3 535554 208330
4 5 913657 208330
4 9 124218 208330
4 8 480193 208330
5 9 780812 208330
5 2 435244 208330
5 4 197646 208330
5 1 618179 208330
5 1 31256 208330
5 1 605601 208330
5 9 339456 208330
5 9 420457 208330
5 6 207138 208330
5 9 720606 208330
5 4 564812 208330
5 1 241852 208330
5 9 84739 208330
5 2 37173 208330
5 3 659003 208330
5 6 482147 208330
5 7 922612 208330
5 8 378254 208330
5 3 944213 208330
5 4 677970 208330
5 7 608274 208330
5 8 102205 208330
5 2 776621 208330
5 4 351709 208330
5 4 254019 208330
5 1 150634 208330
5 3 291953 208330
5 8 505843 208330
5 2 74380 208330
5 7 888775 208330
5 9 11063 208330
5 9 264090 208330
5 4 471431 208330
5 8 255797 208330
5 1 631366 208330
5 2 826747 208330
5 7 976917 208330
5 3 933793 208330
5 9 358943 208330
5 7 720657 208330
5 2 952349 208330
5 6 220430 208330
5 1 397810 208330
5 6 305443 208330
5 7 217757 208330
5 7 484741 208330
5 9 830645 208330
5 9 164665 208330
5 3 763476 208330
5 2 749513 208330
5 4 132332 208330
5 2 178264 208330
5 3 693393 208330
5 9 516017 208330
5 4 898365 208330
5 4 148895 208330
5 3 204801 208330
5 6 424532 208330
5 2 241816 208330
5 9 314799 208330
5 4 312801 208330
5 8 294173 208330
5 8 751395 208330
5 2 354641 208330
5 9 734610 208330
5 4 503763 208330
5 7 205461 208330
5 9 68949 208330
5 7 963195 208330
5 4 751851 208330
5 1 873688 208330
5 9 906250 208330
5 7 938789 208330
5 8 269356 208330
5 9 934355 208330
5 7 507751 208330
5 6 150644 208330
5 1 918209 208330
5 1 3158 208330
5 4 403850 208330
5 7 582646 208330
5 2 102557 208330
5 6 639993 208330
5 6 138939 208330
5 2 801471 208330
5 6 521002 208330
5 1 353057 208330
5 6 577748 208330
5 7 74093 208330
5 1 241357 208330
5 9 690832 208330
5 4 414148 208330
5 4 645337 208330
5 4 800225 208330
5 3 959498 208330
5 8 726600 208330
5 3 635805 208330
5 2 128119 208330
5 7 279937 208330
5 9 703646 208330
5 3 405473 208330
5 6 714458 208330
5 6 459803 208330
5 6 922043 208330
5 8 840286 208330
5 4 552776 208330
5 6 868888 208330
5 2 560717 208330
5 1 759188 208330
5 7 90325 208330
5 1 764011 208330
5 2 618030 208330
5 1 10333 208330
5 3 943799 208330
6 2 36012 208330
6 2 739302 208330
6 5 860539 208330
6 7 97839 208330
6 7 979884 208330
6 1 145502 208330
6 1 472038 208330
6 5 591529 208330
6 2 790163 208330
6 5 54331 208330
6 8 751259 208330
6 9 400586 208330
6 5 459013 208330
6 3 689045 208330
6 1 59789 208330
6 5 14074 208330
6 9 806348 208330
6 2 446914 208330
6 7 609905 208330
6 9 519325 208330
6 2 980679 208330
6 5 595468 208330
6 9 535759 208330
6 5 909986 208330
6 7 153307 208330
6 5 450007 208330
6 1 526192 208330
6 9 240038 208330
6 9 927067 208330
6 7 106330 208330
6 8 470775 208330
6 7 180927 208330
6 7 217785 208330
6 1 560014 208330
6 3 199917 208330
6 1 646238 208330
6 1 148837 208330
6 4 395589 208330
6 7 975170 208330
6 9 940194 208330
6 9 407185 208330
6 3 192632 208330
6 8 290422 208330
6 2 638402 208330
6 1 702248 208330
6 2 661927 208330
6 3 362164 208330
6 3 533660 208330
6 4 520698 208330
6 7 332435 208330
6 2 380172 208330
6 8 787973 208330
6 4 930354 208330
6 3 926309 208330
6 1 32630 208330
6 5 216472 208330
6 1 13957 208330
6 8 144573 208330
6 7 883492 208330
6 9 131033 208330
6 2 932378 208330
6 2 433768 208330
6 5 549901 208330
6 5 157380 208330
6 2 371449 208330
6 2 765192 208330
6 5 86530 208330
6 2 970605 208330
6 4 1198 208330
6 2 122713 208330
6 4 55862 208330
6 3 351788 208330
6 8 230260 208330
6 9 711645 208330
6 4 136251 208330
6 4 608724 208330
6 3 700775 208330
6 9 276813 208330
6 9 264390 208330
6 1 609563 208330
6 4 89764 208330
6 1 585927 208330
6 4 644675 208330
6 8 641044 208330
6 2 654736 208330
6 9 931520 208330
6 7 748965 208330
6 4 213433 208330
6 5 432323 208330
6 9 700041 208330
6 9 380815 208330
6 8 736576 208330
6 4 302019 208330
6 4 160534 208330
6 4 280031 208330
6 9 982634 208330
6 5 162635 208330
6 4 808886 208330
6 2 884800 208330
6 7 431489 208330
6 7 119433 208330
6 9 444344 208330
6 7 784558 208330
6 2 790371 208330
6 2 222879 208330
6 9 87434 208330
6 9 85869 208330
6 9 494778 208330
6 2 695437 208330
6 5 967548 208330
6 7 962714 208330
6 3 963399 208330
6 2 320693 208330
6 3 147093 208330
6 3 196286 208330
7 9 398015 208330
7 9 442169 208330
7 1 486431 208330
7 1 247108 208330
7 4 133175 208330
7 6 474351 208330
7 2 990902 208330
7 8 599708 208330
7 4 460077 208330
7 6 39040 208330
7 5 186266 208330
7 1 624598 208330
7 8 343312 208330
7 2 733005 208330
7 9 100735 208330
7 6 561996 208330
7 4 621793 208330
7 4 72305 208330
7 9 109715 208330
7 9 340006 208330
7 2 851091 208330
7 2 640328 208330
7 9 329282 208330
7 1 605647 208330
7 5 714135 208330
7 5 269328 208330
7 9 242093 208330
7 5 398805 208330
7 9 984074 208330
7 8 324221 208330
7 6 201013 208330
7 1 42612 208330
7 2 872691 208330
7 5 819394 208330
7 3 615662 208330
7 9 703059 208330
7 3 872784 208330
7 4 564942 208330
7 9 693354 208330
7 1 305507 208330
7 8 500325 208330
7 8 830717 208330
7 3 65152 208330
7 9 64637 208330
7 6 305070 208330
7 8 853050 208330
7 5 65175 208330
7 4 534838 208330
7 6 803004 208330
7 5 635995 208330
7 9 65937 208330
7 9 921387 208330
7 3 28432 208330
7 5 478377 208330
7 3 457053 208330
7 5 524094 208330
7 8 811091 208330
7 1 966695 208330
7 2 977147 208330
7 5 407115 208330
7 3 451486 208330
7 8 122354 208330
7 5 360376 208330
7 5 401012 208330
7 8 329606 208330
7 9 431167 208330
7 5 999106 208330
7 4 819804 208330
7 5 333770 208330
7 6 324988 208330
7 4 862075 208330
7 1 721103 208330
7 5 231700 208330
7 3 897787 208330
7 2 503937 208330
7 1 665690 208330
7 6 226675 208330
7 5 890269 208330
7 4 395761 208330
7 5 25390 208330
7 1 442701 208330
7 4 743920 208330
7 3 450489 208330
7 4 98361 208330
7 4 828142 208330
7 3 567737 208330
7 5 898414 208330
7 9 873133 208330
7 8 318149 208330
7 2 659168 208330
7 8 242655 208330
7 4 91057 208330
7 4 823890 208330
7 3 935198 208330
7 9 530326 208330
7 1 85093 208330
7 6 149602 208330
7 4 103594 208330
7 8 815549 208330
7 9 916196 208330
7 1 416065 208330
7 8 535509 208330
7 2 909632 208330
7 5 619504 208330
7 9 399031 208330
7 9 66117 208330
7 5 729163 208330
7 4 252898 208330
7 2 459064 208330
7 1 343594 208330
7 4 759829 208330
7 9 314505 208330
7 2 310598 208330
7 9 86468 208330
7 5 754190 208330
7 8 387728 208330
7 1 916078 208330
7 3 931611 208330
8 9 88846 208330
8 3 162186 208330
8 2 373109 208330
8 7 886887 208330
8 2 56351 208330
8 1 647899 208330
8 6 525839 208330
8 5 857324 208330
8 3 801240 208330
8 5 551187 208330
8 4 588213 208330
8 4 347784 208330
8 9 921979 208330
8 2 413434 208330
8 6 691899 208330
8 2 136663 208330
8 5 39030 208330
8 6 683588 208330
8 9 219322 208330
8 9 264502 208330
8 1 440931 208330
8 5 571855 208330
8 2 538324 208330
8 4 946671 208330
8 6 119017 208330
8 2 988594 208330
8 5 31653 208330
8 4 446527 208330
8 9 340871 208330
8 4 265724 208330
8 5 148479 208330
8 2 267880 208330
8 3 98113 208330
8 4 454761 208330
8 5 55417 208330
8 6 678205 208330
8 3 289160 208330
8 2 42774 208330
8 6 820759 208330
8 5 13464 208330
8 7 736090 208330
8 6 369409 208330
8 4 347271 208330
8 4 476554 208330
8 6 211527 208330
8 2 782679 208330
8 1 456166 208330
8 1 151357 208330
8 5 833622 208330
8 3 721714 208330
8 2 327650 208330
8 5 365774 208330
8 2 557054 208330
8 1 519820 208330
8 4 856738 208330
8 5 589431 208330
8 3 379477 208330
8 7 830631 208330
8 7 377633 208330
8 4 682079 208330
8 1 112381 208330
8 9 990597 208330
8 1 605069 208330
8 9 649299 208330
8 5 367619 208330
8 4 780503 208330
8 4 595887 208330
8 7 648633 208330
8 7 790895 208330
8 6 123142 208330
8 4 657740 208330
8 5 992876 208330
8 4 724067 208330
8 5 195349 208330
8 4 362492 208330
8 7 510184 208330
8 2 12920 208330
8 3 672223 208330
8 5 128859 208330
8 6 853332 208330
8 1 310909 208330
8 9 144809 208330
8 4 709752 208330
8 1 483833 208330
8 9 587503 208330
8 6 219136 208330
8 1 705603 208330
8 2 895620 208330
8 4 613163 208330
8 3 656325 208330
8 9 574816 208330
8 4 521361 208330
8 4 257571 208330
8 1 241377 208330
8 3 424770 208330
8 9 861511 208330
8 5 992878 208330
8 3 767532 208330
8 6 791503 208330
8 1 532028 208330
8 2 810890 208330
8 4 624450 208330
9 6 954665 208330
9 8 949456 208330
9 3 607860 208330
9 7 669704 208330
9 6 747792 208330
9 1 25560 208330
9 3 297694 208330
9 3 906221 208330
9 2 116961 208330
9 8 339121 208330
9 1 849812 208330
9 4 532365 208330
9 4 907693 208330
9 1 961079 208330
9 5 118130 208330
9 5 630055 208330
9 3 94351 208330
9 1 207589 208330
9 4 529417 208330
9 1 402684 208330
9 7 588620 208330
9 4 32738 208330
9 4 384245 208330
9 7 812945 208330
9 8 127315 208330
9 7 804505 208330
9 2 198304 208330
9 4 355019 208330
9 2 789156 208330
9 8 515465 208330
9 4 388858 208330
9 4 299113 208330
9 1 225809 208330
9 6 123627 208330
9 6 200914 208330
9 3 374728 208330
9 3 643052 208330
9 5 15017 208330
9 1 596767 208330
9 8 723827 208330
9 2 262483 208330
9 1 843172 208330
9 5 156066 208330
9 6 20200 208330
9 4 96693 208330
9 8 287186 208330
9 8 96998 208330
9 2 868908 208330
9 2 582133 208330
9 5 440013 208330
9 6 308779 208330
9 7 476916 208330
9 1 110643 208330
9 3 540563 208330
9 4 770952 208330
9 4 267650 208330
9 3 337532 208330
9 8 574425 208330
9 8 764782 208330
9 6 765860 208330
9 6 473346 208330
9 8 678291 208330
9 2 200852 208330
9 8 826853 208330
9 5 385482 208330
9 4 374523 208330
9 2 72186 208330
9 7 599961 208330
9 6 473584 208330
9 4 28773 208330
9 8 380700 208330
9 2 401051 208330
9 6 490112 208330
9 7 529488 208330
9 2 230658 208330
9 5 941634 208330
9 6 196465 208330
9 5 732718 208330
9 3 699840 208330
9 4 931849 208330
9 3 569015 208330
9 7 668097 208330
9 8 26943 208330
9 5 715168 208330
9 6 409779 208330
9 3 877494 208330
9 8 428807 208330
9 7 56394 208330
9 5 724603 208330
9 4 690928 208330
9 8 203122 208330
9 2 1984 208330
9 7 972252 208330
9 6 388659 208330
