1001 98
861 633
857 885
295 228
652 506
453 241
295 270
501 528
652 254
657 229
241 609
228 854
32 886
543 455
769 475
925 438
506 649
997 179
286 390
935 214
845 773
2 654
109 78
837 741
241 35
847 27
229 964
400 69
202 267
482 822
448 102
457 919
688 840
109 789
113 515
174 868
873 108
189 410
327 981
534 805
393 169
521 785
550 450
521 135
506 316
453 210
842 659
352 310
184 732
871 720
101 15
289 624
256 297
574 687
34 738
322 926
744 924
330 435
880 260
437 384
941 395
557 284
703 949
2 783
587 447
243 73
510 742
565 694
389 396
924 887
15 16
848 586
2 844
608 38
821 356
651 245
602 944
149 30
6 391
692 143
53 191
395 556
450 583
101 467
188 898
941 230
847 973
906 336
577 573
895 353
75 591
368 535
560 852
43 232
33 124
983 235
803 527
226 908
785 504
