149
1105013583
1110205976
1922894018
1439446728
1567076243
1901965330
669147259
391839106
159393335
356506464
641867025
784198011
1575531502
330585254
1332293159
1277116263
715322919
2130823173
401830350
1418588149
1163871794
1949540527
1029524040
515535861
796380559
1679067328
889500215
889092019
1660017090
1123664673
394624680
1632223598
1849478560
2005260161
583858324
1009894270
1052842739
523506257
1205122915
1182084149
1974911434
1431522565
823456717
1971702325
146823672
1261095760
412334333
146546736
1975246561
1233385058
397963528
2084426516
1477637948
87168706
2045398014
1636959127
2106932283
1536469817
201537094
2144680902
849169844
1240776440
573167132
229241474
582332419
1131689308
1523218040
726059328
1333924816
168703386
1498910416
1201574967
2023905776
1986842378
59652570
643236580
1506148992
1772648314
37829870
582901688
1720275370
1992873306
796983336
782734808
1905750331
196192089
480609608
1116284617
2087162864
270232368
1548812196
1125140081
651757159
1361458220
1689413832
1558609681
898600965
1980733421
16854784
2060398293
1406063983
815630594
1354322007
1275252635
1557931430
865377213
2117236607
933932545
1523846377
2035769730
1917402832
2044926210
2132705164
1680393885
1288033992
214425122
1076118102
2010623212
2019351754
1048142722
782700957
1810799351
202523613
1080754016
4582859
1596167759
2029559048
1916541411
343739606
1768019398
2052143135
1326812177
1902137307
571661393
646479401
63387962
1949312387
1661442814
890202692
1868341767
1840890968
952392092
910035960
2119431434
171176795
1066449418
253431623
1073929827
1505384799
