328
794800566
950517499
883881821
677132700
1933280719
955822929
1288766155
1562697732
1655413345
828195076
504133589
787025589
809392205
762349097
531526247
1075499648
616479363
1384033342
104476159
859444616
1178141688
1689888104
400504343
708339802
205721581
558198239
523262107
943186480
1551604007
880028896
1513775697
643426216
244682665
1345270244
742018255
357228023
1811079663
446093930
1997160450
150137261
1700568470
771817937
1127011294
885546661
909079809
1429486000
502114150
813221951
1172457864
65977799
665868512
83025925
1018450262
996672482
1264951689
1492255722
479622508
906258191
1643518567
1588222239
2059289203
974667514
878707967
972597032
1785286977
829341313
1007774975
787187121
694640562
1593465795
1721290698
550961982
365525521
1020985590
1006465030
888824322
1024740114
2050316320
588215530
1105151846
611138923
1454824581
1834066657
1134178615
1285975600
159078038
1034102721
1637351705
1704802839
2096771481
2035953988
425177559
413016317
596180115
1601488027
448159710
218055275
1752183942
420595203
599579782
599045735
1138349802
720703956
561822179
574618535
1380705229
1180864194
501130776
1545454490
127864916
1145189113
502977503
461616356
1495170647
1504967965
1896788287
1235786779
22828045
1271989390
1747647224
1563819023
1895972223
1529756535
694282649
1583198869
128492458
1151836843
1065715086
768287951
199614108
1841441214
426397998
861245118
1311343360
1721379674
1487323484
666699222
2028332468
473691263
492609458
1237591212
1078525653
159096103
47173610
553406559
1799667449
41173152
501132038
1204454462
1576387046
1615931915
119917101
391842768
49866604
612579927
938850925
1194865639
2098965082
1670145642
2105628362
1115196396
911344812
1685174100
636242863
1865844032
1667224826
1045152811
1259583514
504099839
370354225
808320634
1369729698
781423654
1128165436
982870906
564385962
2138328990
1959240557
2036569831
511350479
110340454
508269592
2053392228
1396564415
1414896016
649154249
1997638710
1031842223
77699127
1256853306
1045259845
2005209565
268502480
877226957
1224216480
1941039007
1565049727
1332291630
188956698
766557731
656034664
595163233
1492577605
595800314
238091972
1375678717
1330375931
230055895
2022816928
566733207
2010931012
1750151621
318704819
1921436520
624238829
1858720985
1196342471
1685297672
1767762223
1473753543
1334732764
2033887200
1442365415
1828248299
110258440
508945883
2017983490
800605302
1549110593
213065134
588589204
1174429130
577026580
2054462880
1394811983
397624683
426518980
605125076
1292363800
1859458924
573137911
644782351
1265192818
365248635
694375838
234887316
1317511798
1528466913
2126600313
1789869964
366695129
1448231296
1177815990
1166097342
90748011
1153676795
691137323
814812271
1664431282
325511762
1826056435
627699197
1539106305
693852721
198770135
253602030
673784497
2122463563
754670848
991117582
501251174
1251732851
1117477130
134207473
1990672256
495190926
1595566722
1874031689
488835194
1563953571
2110994155
127762654
1815069150
1883816707
1848738904
1152599266
988329005
2075936093
1948666511
8632065
497295327
1284925864
49413087
1092021346
1467666318
146006050
1222052973
1412212418
203318509
1363630981
2027805602
1459634822
1759002432
439402036
589311827
1078377992
1270990074
1360149148
1910253690
1002643702
1777424967
96182746
1938119500
1058344780
1718224775
932815472
818288938
1525500003
1809598927
242959728
423919446
1386747961
2145131645
99864914
727688863
954534285
186886818
423176094
