234
1513643779
1667721453
359473746
1047325196
296075411
1442490487
1547419034
2054375200
1182726627
847277557
51322199
1045581281
1960528924
1234400703
1360557282
1682955861
203524554
1233641199
793110113
1598413606
1737441978
805611801
1218810027
777342130
1201266542
676306568
2103523532
1940088160
76234918
803440665
810252009
344843164
594168508
1107477228
449337140
1065603374
27799709
1735990619
628538599
2024755023
1849949246
695033662
332582975
1154045471
813547977
567313926
815651342
1655121382
770805506
1950746094
699293187
859824033
1603105019
659646378
620141520
1134293092
1737381192
1202954001
710744142
997995991
1844229004
1759012968
1318443838
341147014
336196875
175920936
1467631853
762941392
1616018414
506800297
393756123
556094096
1435458149
1110711351
1881674614
753597817
1030263505
1596241331
1038490591
809469601
1652575040
1976897177
475669235
1598419481
356207088
1318886077
1275827146
778406536
1881357957
392097098
1240252892
1638122233
1078404427
1112411983
622290262
1023796707
477643745
1250098048
727689250
2145544555
352303261
1479040751
1495138209
942257728
1770029895
1304115061
863426933
428530658
425261769
44265191
1633726318
1740498823
768426263
1814962760
1399338632
1209460021
1629184268
135593106
731218333
703336897
663264087
1170755914
887600699
750533613
936371194
643825880
1804648387
38306234
809931624
1734916535
1702398345
911832592
1182021741
839378624
1974580730
1657878195
2099118374
1671758517
1227528297
643612510
507671453
1000198635
1252619035
272105209
1432570761
279708760
485564001
1778681122
551506709
1967641000
648106777
15639764
1891820183
2022970988
513892633
525414930
1325122238
939587594
1934747127
388811519
48379128
1923745430
1458305848
760082497
1552878566
348564016
1515552882
246494025
458109868
866997196
1261029644
278370290
1236361314
1139440475
851703373
937735703
706540127
1859781633
2009540966
1826043958
185893724
1998125188
2047424516
1622706570
658507149
1631858890
153821439
439834656
1857934771
546466852
1732134358
1180530121
1736809525
1897561676
765571366
26780840
447678385
776497740
1852090407
505289636
723309535
1200513817
1658864784
472284164
1338818458
485313924
1847358995
1683395123
538396876
110207675
628559905
340923673
701890795
885882876
2103750963
1637878189
488704727
1982674752
1793850175
2089710406
839981500
1170106704
2029316489
293270239
850245236
447405017
2080911410
2107143732
115820160
1778661744
1358705979
838969898
1609578934
2071518304
