348
732139533
2098729308
1714198267
2057372858
678872525
942230825
176317855
1253782136
152616101
623328558
758356003
1668930503
228659987
1770251123
780107608
2001127111
671651055
416828754
510594808
1419488427
986515901
1263201513
784702472
421394426
1400918248
548021269
1319564601
34793441
393091572
1106634435
1905775463
342294542
1319504773
90604814
387878228
1065973578
1938328084
769454296
1779158251
1818800729
1296626851
1812757011
2048301774
1524599227
1449331103
1698114946
621879330
1874564984
1615993726
450541213
635144457
536877319
633990202
1106929241
46093950
874264685
92183711
45008410
287120911
874833305
211201466
231136541
363398856
571753729
560999948
340054145
1469628091
1776711396
176842344
692626811
148120659
1301704766
1260708817
1177592612
621442030
136602942
286662614
629927395
1392128212
17500413
1210683459
1459189778
1459278949
784505642
2059593461
1361485808
450248968
1509568524
2109362320
1707294933
472187591
1361275291
1104633728
2013004336
1090736450
1331002512
1864848589
1633067430
921307867
1074170408
1931868333
1140167496
209420358
345817728
1689609435
1576051647
536561053
1872545229
1071849227
1980201437
1941794749
67886166
1660869913
550760411
530321485
1882096938
26207776
1316055661
237515236
1025937841
1996571507
1222997200
1655763261
770952560
1996843702
1974646302
319142043
1064884608
842090961
1833607779
2013224569
1204393406
1613606291
302066579
363701566
708102567
473163669
376287055
454450719
1898681676
450745156
758334878
441514193
1950185399
1323632323
1294090045
4380898
603531890
210079047
795070495
538142993
201850368
1008930479
698973707
1849409991
1798822362
157602482
203962857
1292197727
1949247235
1583762391
680629618
818054307
2055125004
1566836391
741097511
120198479
1542524122
2082477627
49455457
753374586
855920259
1952096395
70929261
1925154692
2008191120
110494617
1286378531
1756375933
145153786
1833421185
247620397
1385927663
568458613
755099670
97808032
1036752563
1824374275
2128066277
2129939495
659668211
607470288
2064619935
800887554
988051673
1881208018
2102139182
1246399983
979960597
303447833
1046869960
856710853
607803497
1637245685
1030128676
1957789059
882517312
988000291
1070361346
1693543837
1684766739
1745776817
1704787116
1404382698
1687143832
890134631
312251058
70331151
68177408
1358834774
2062056520
1502671462
1408154913
2000863133
1920167207
826335693
1865390307
1933702920
260662920
906890150
692860229
1623060695
1733612875
982280997
40245420
2020197724
76137528
220278457
1293028254
653631443
838105373
932770920
1555520219
1121806019
40343173
2123517111
713798771
363334642
670457895
2014256415
1356017497
1691581082
479776807
782348307
508676463
219441534
566661826
1912981629
746560963
1913908908
139613904
418653312
1526212838
160432103
1122638092
1334443873
723161238
2110169689
499628120
1625423993
230748361
1508386134
330985206
857424814
2016489051
456226360
550500460
1318900315
1541208343
1980767374
1937214775
1834985644
231084588
1984057850
1980897554
992539313
476833209
1270185767
1407474802
1655645734
2094494824
722507656
1980514887
2130881665
68453771
787372708
149703949
1292522051
436940723
1720232722
1982252979
1799185086
484593255
1840364780
364555135
362013658
2053727388
342791385
1292231015
1062381708
1608412976
1630430465
216320884
1043339429
1189633603
493215929
135640753
360083415
746938678
1783980314
974010548
2086316848
1999032021
1863519312
1967217911
2111874494
480343366
746151363
1754691285
53835781
1409943281
19838892
1837373500
1889294613
27891690
1387980968
1193055266
1259582972
1750753266
1974180593
894810176
1322802443
884018418
621230270
1640057918
2022546210
1848871914
1631001559
