472
960047122
1784900871
2137631437
1845731028
1005874539
1243408038
1091264064
971723976
243494253
393624705
473985300
1036947218
1443436173
868075196
643211857
981197811
2069213285
401941102
882392007
464507294
1637920458
1353314816
670368235
616308901
945055656
1822260860
1047973671
664806786
852672304
1576274824
654401348
1332297648
1138816612
324892620
541303809
90464477
614447783
703293042
2132986137
1092551369
872913692
1524412415
1796474501
430801171
999215670
1594308859
360080593
508866583
10048383
0
1790973012
1160561238
875511855
1804463945
1945265562
1396472130
1986112785
2027722855
859225510
741901716
1671844266
1659143329
1819551158
598190822
401327105
1899189700
598240439
924438506
1030681451
412413757
98801408
1112277259
112257623
1740767926
1635944897
1768252568
1128339877
640923338
633237167
1815040548
639753585
1261732224
626473273
527192287
228086407
800492584
192092688
1180557365
377739894
512147009
1853550575
119810599
71171722
629490636
934397148
30406882
1779101108
1526063884
186929979
1845302086
1495766775
644082597
1008251683
936001761
877638016
1233209129
548407088
564479955
1215035698
1512475698
604579177
1709580552
1465347537
917407693
1207005305
858163253
1250732375
1087322062
1755532246
1624229389
250370904
911257962
1778135762
2021908242
547401939
1177793126
146251462
908162633
1663708326
1912472292
687050889
572429336
618308817
22325703
973671414
1975653100
1284147711
718887322
1144812345
1922138869
1460275984
2079837028
179770361
1275045343
1736844714
1607019625
43444392
53131588
1654207333
1479479363
347906728
508006109
510569687
309378281
1669764374
1108891971
1940957134
779874382
270067762
914892954
810937413
539216191
1956885801
1306881194
423443069
2049124897
272139573
1514130262
446469914
1440164283
604876285
250470231
750676649
210498625
1356585640
2130577576
83270405
911752884
1023659621
1574687721
1339688597
1287705265
391677544
1508756689
498295792
252692993
326446625
23464522
1070396334
1604920372
189993420
660006014
1696919723
2021510613
1870182892
1862210631
645384112
851972155
46037133
541743552
1829932954
188288365
1422481604
1049036496
1501447743
1682446899
1702928141
276171328
1339033196
568063081
1661967415
2023412449
683925813
1241867235
223635185
221640508
1801230569
1072998126
875694685
1134964892
1951782905
1704913955
1810015616
78787299
661835909
1901276787
1412873039
884024091
462621429
152767113
566235463
819386246
74903042
2132369449
1085247345
751693104
1150819
420317385
1092563695
333046559
173615113
1070388563
1052129340
798523017
603408926
118309330
918851396
1138736628
214064106
1255105097
846335143
1602031443
1146681188
2062610492
1887954417
1815182206
343587390
1517430734
578120194
1024655020
1946422054
2130116669
2082019728
1539173670
885176373
2136027408
677621585
1800500924
1213867254
1054862285
1413987706
108811078
1830067944
515284610
203925461
1039736067
676787240
896883315
856358013
592866371
844649900
1920564404
799792097
802484
997453544
440654451
1485789118
303930186
1659023691
335700066
79100540
153035701
504612168
168507849
1083951803
698396355
1122926895
1815492492
545285479
145640865
1547251531
848194263
543596679
275568404
1024345000
1687715303
1906653315
1311617191
944248681
337960434
458100655
298191812
774390621
1557132631
1030338669
1441678427
2084003365
164593592
208841344
61726935
99827001
875600858
669686687
1155022007
1068955254
1739223443
397677332
1198269685
724761355
144651149
1256666385
1525712105
571503898
1051910693
1895707838
305297571
1698726824
54977618
892554312
108242272
1712738114
153287631
1706245102
1016694437
1152837980
1295356230
746341553
290234746
1863927493
2128783016
739556323
1329662568
1409316416
2035624063
1750865112
168417569
220294155
887348732
765641531
465655984
1578663696
260083712
1349802085
520595626
1820851012
60349329
1744190904
1718290451
1550055198
1119437042
1931380782
1826469825
593371168
520303816
104738309
1752557036
226208488
762374308
1542976284
1440192857
1603225264
1970186866
1801410198
4549320
1484588896
292379711
737460619
2084728208
89360201
1087322192
48850695
991653750
1413309374
689737883
887178274
967729730
1910205492
1405290624
168715780
604465575
985579056
1670956577
1026284690
1743786631
1145331346
100561075
1626935668
254883223
853645746
1179969364
94564049
768322620
1187325397
81745698
38342882
964708103
233065594
1297720416
1225170375
1104066891
1465292897
1854737979
766867783
106200441
1770721827
943475736
363150743
138677944
645531512
1714339355
751892382
1401697842
1467309001
2019371558
79636296
46275141
256519473
1966985708
332223087
2045212585
1837551532
206433447
956980472
421816466
775782638
1695872788
223294120
1012656778
816402948
513832094
1010784308
536777419
1320327886
481950008
1385933399
376394451
165648501
2010837580
767349102
1268012881
591268642
155119399
1879107320
1815662256
1728997969
859870377
885394077
810705689
1608570797
1717740260
472780627
2147483647
