353
24404819
764160319
1925946251
1424525759
1978654818
1927468196
987035050
1090945593
1456998590
1025120970
1387507546
1540695059
352840334
2135879611
458511622
927183938
150716194
1548745247
1461333468
826460762
88706152
1908848207
1501502775
1162663957
266906803
460002513
1969843011
1628517398
394078013
780506143
1082146611
1092644977
1538770269
2132644051
1165381487
2058142159
360710331
753639579
1822496785
1836215615
1887793073
96852136
644658886
461721215
1909208766
821087576
1016019000
1953784993
1109716515
386487644
459541099
1269875439
1401544664
590353111
1979297193
1916052373
1510355201
1940508168
1278652202
761118735
295864937
188672353
2002041154
429483260
86826637
727483451
1884078070
683113690
1215230338
485530606
1131544225
1062887401
1243837464
1568441934
703176797
224636598
23291687
1006554768
1038543590
1422992125
1294949373
826119953
1680506329
430781921
1299566982
1780018145
1588423638
1168287567
2092727702
1444956411
20109622
1283065758
55300824
406189579
2052165397
1389467280
471741337
1412443343
1629231337
1088895575
87759086
1010049391
1905666497
58165443
315016373
477375007
1664571108
859092873
1076371761
621558601
873737973
72677482
1495241258
1879093843
1389788177
81641669
1139025936
2095943792
1257646901
867144611
1497062207
13809621
610888036
1342852629
1980485678
870896310
133113813
1602707761
349493610
1895096400
962143915
1629155946
540166996
1818931725
859945645
1041469545
33585328
1166368705
651684525
1645002624
861584984
1843434355
867254315
1930034402
874291980
1208296143
430205710
832591303
1718754026
1911217336
880020999
860517520
1171061032
2107436861
718894338
1515027313
1208268773
835844324
2139922393
132366410
658102420
345455403
1848278082
2072977605
838642308
254685447
1503140086
1707608628
729512143
2135823365
1892834827
196208125
1451482736
836725106
218990345
242602601
1827015414
465352809
845141973
1798420272
70811452
2079501818
804575052
1785762398
859948607
1389953449
561627115
1744850866
282931694
1006641271
1793232750
289038784
4132235
828328069
297041371
1187817245
528847844
1478557186
134690413
426092562
1520304871
1536456600
1015307172
1605040394
325248955
1756681185
1474172864
1110232699
1311081215
1116647611
1874057537
431578646
1533309690
1954170293
1039750110
1149653072
943578883
973892850
1827936858
935441320
1327703504
302931104
779648456
1776583573
1172941171
696079525
1675239876
1967801224
1925059858
696201751
192437753
1125224393
1699140751
113984756
894809884
1382127164
968661566
1408357194
548590739
743720895
24154879
643020242
1175506706
492907750
460544054
565666572
772914391
393734809
2059626131
106556710
1110896418
517130269
1340089648
1859630598
884327095
971586916
541093113
296108904
808568211
1627866889
508813357
1501610324
119258923
1899877785
209267922
1499709108
503193855
1576775233
1960563455
1960519339
1948610677
1283842133
1891008352
34598158
982053893
956721509
113262340
414205541
1333323007
730909131
2033791147
2048395018
868522736
1332162832
60391782
1331767039
1335549855
658070802
1351608204
718859560
842995989
1635604917
2049230392
158847983
1652801858
932083797
1355060128
735174479
1447846794
1044430105
1015366377
380873740
279650471
813750773
1884315824
2123759803
200253427
1623318682
353795097
176490800
110340894
349053723
979050349
2127136685
1724135660
35634810
238546800
797857586
897622430
349777297
217031348
1062476353
753711769
2100333491
128099558
1556217064
616757050
1903672619
1512586026
1432657451
794398821
2135259447
416855317
1251862502
1195418353
37440057
323303798
1004576835
1475483810
1327245689
1651968741
456982271
1245821785
12347400
1141451312
1310540979
1332915594
376126004
341280154
1122149584
117971672
1991722886
1220107149
