1000 691
861 760
760 753
753 893
753 305
861 997
753 12
997 962
997 308
893 109
760 365
753 31
365 757
365 875
757 181
308 294
181 201
753 334
962 194
861 619
781 628
201 632
893 856
997 506
753 428
759 81
81 7
295 397
208 977
506 431
294 697
7 497
632 121
861 667
208 85
308 651
31 631
365 500
631 768
560 420
667 105
294 620
875 76
76 505
291 995
962 406
334 879
76 240
768 771
760 269
632 542
771 527
620 225
506 553
365 656
12 205
939 661
861 375
423 310
31 852
50 253
294 230
291 350
553 228
201 850
294 869
334 399
934 502
208 853
201 722
121 188
935 885
188 783
553 473
850 285
855 144
428 122
76 52
651 415
771 836
884 615
291 324
227 249
42 986
651 822
42 454
431 241
85 474
656 797
704 388
560 958
924 104
109 270
850 437
210 702
188 177
853 108
228 591
457 242
228 915
305 302
608 250
177 470
656 912
42 360
863 695
104 622
474 158
228 950
423 744
31 110
885 796
42 215
869 913
884 481
348 803
81 864
110 2
950 389
620 581
986 376
879 967
108 479
208 137
428 495
934 314
334 164
372 533
411 267
452 280
50 844
573 154
997 846
51 682
250 346
431 498
213 705
619 772
781 120
783 149
695 33
389 641
52 820
144 549
915 636
423 217
844 766
935 73
376 630
757 256
227 405
348 369
8 464
137 653
884 920
803 393
291 330
217 743
104 77
781 979
270 159
497 944
781 996
120 586
330 520
7 889
419 571
822 991
302 289
178 870
375 216
2 300
405 647
859 351
498 34
924 211
553 114
178 501
608 456
240 566
452 963
122 540
760 734
454 819
641 70
291 429
721 119
85 97
418 68
721 687
351 173
498 439
33 139
859 878
549 606
855 726
795 24
875 745
501 89
608 63
2 82
893 172
42 690
31 1
431 910
105 312
149 101
772 494
406 727
474 736
105 769
676 441
82 203
935 392
452 688
312 735
470 558
844 918
591 243
137 248
636 183
266 189
852 511
375 839
760 625
995 54
481 161
502 47
392 176
571 699
248 577
853 799
631 694
428 162
194 491
770 872
161 940
360 990
772 932
821 246
566 914
648 499
246 440
636 288
479 867
846 517
104 416
2 532
823 156
962 557
839 107
697 787
517 146
217 468
34 775
920 700
878 600
428 345
401 655
406 443
655 980
348 830
622 349
253 496
68 323
305 804
630 58
606 784
158 271
932 422
821 44
210 668
646 132
314 331
431 605
474 711
631 786
912 974
853 807
520 426
605 589
661 329
398 981
688 359
420 841
770 103
170 929
146 60
24 67
65 610
415 363
208 315
502 523
894 489
939 965
645 926
511 209
312 361
533 658
159 38
995 552
100 309
330 1000
31 391
879 810
103 368
309 17
553 739
203 187
375 537
50 460
378 731
144 903
606 733
655 719
651 41
632 14
213 663
819 343
250 937
610 911
331 528
630 866
505 987
42 865
1 957
179 115
697 880
413 802
460 318
915 357
7 536
318 311
739 738
330 928
40 338
82 148
111 239
733 247
314 845
619 86
324 61
457 801
238 601
872 404
527 263
623 956
60 83
795 674
571 367
105 493
436 433
105 686
89 25
456 737
241 644
844 530
660 862
24 471
498 925
346 379
528 831
348 281
83 827
437 166
735 171
50 362
453 716
651 434
186 259
25 30
266 273
957 202
361 192
772 904
19 383
259 403
660 394
119 316
375 596
489 342
405 998
186 507
113 425
928 13
292 814
241 896
389 102
194 849
771 951
389 358
401 890
772 235
591 751
792 199
990 410
810 320
129 921
289 953
363 3
129 858
401 74
267 319
850 598
953 543
102 490
148 747
362 478
509 182
591 818
674 370
944 55
781 127
964 779
647 909
445 538
785 905
209 373
632 609
454 916
3 539
227 541
719 400
32 432
913 197
875 339
40 975
610 948
604 782
634 562
844 99
799 461
745 876
870 387
984 10
556 222
348 344
144 765
334 446
842 430
600 286
743 664
566 116
934 427
67 650
468 128
192 93
562 140
255 649
394 287
649 584
940 221
289 840
869 414
181 72
398 637
744 136
294 971
556 607
33 163
859 578
834 642
642 756
163 693
607 724
909 899
176 333
920 395
418 160
951 886
128 488
209 959
831 938
1000 791
963 906
447 832
267 580
372 712
182 522
591 684
695 15
686 696
461 524
536 662
564 585
839 92
419 678
678 5
34 84
770 570
247 462
643 815
987 303
280 513
939 152
523 683
904 659
315 272
280 728
452 673
427 37
453 679
224 252
385 20
585 758
788 214
139 868
844 448
243 595
801 356
763 371
184 307
40 277
502 424
768 569
397 366
775 328
325 244
351 943
183 236
420 639
682 817
240 486
281 681
699 616
651 692
379 36
197 190
68 714
732 165
783 48
314 582
692 730
66 837
60 484
929 960
256 466
977 703
267 629
364 337
159 290
664 887
874 709
994 652
438 518
849 353
92 301
453 229
702 972
637 559
287 226
530 22
189 882
142 933
908 575
58 806
967 322
158 450
151 572
668 881
297 174
394 593
202 91
57 28
158 374
905 590
819 992
558 969
266 534
706 773
65 811
828 336
105 56
179 567
93 851
338 563
197 444
739 521
644 927
201 985
685 638
827 118
152 680
364 545
859 133
438 777
266 640
13 515
109 380
874 675
896 729
384 725
316 196
845 848
40 510
185 621
865 966
598 568
913 883
73 153
803 141
224 80
865 435
360 49
646 79
582 942
713 774
676 800
737 670
729 282
836 233
104 988
265 257
794 231
170 754
756 989
887 854
2 402
515 340
581 332
497 18
259 147
120 611
488 463
894 761
223 919
107 720
167 169
527 476
402 138
542 451
471 262
873 978
623 23
897 417
870 592
904 95
185 672
357 930
730 583
485 654
277 871
994 917
675 838
470 529
61 6
632 16
953 752
837 968
69 260
165 45
845 618
897 35
825 708
708 180
405 421
664 442
105 767
722 941
334 902
83 198
249 665
969 482
333 124
770 157
37 892
92 254
205 234
114 895
228 936
682 304
699 587
617 805
911 175
488 477
978 812
500 602
428 860
899 961
897 275
668 599
517 313
601 117
797 459
713 90
582 386
7 526
531 381
649 155
933 150
230 976
839 947
