1000 793
861 760
760 753
861 893
893 305
861 997
753 12
305 962
962 308
753 560
560 208
893 295
308 759
308 757
861 875
208 781
760 294
201 334
760 194
208 619
861 50
875 632
757 506
194 428
305 81
31 411
12 7
12 42
201 397
397 210
628 977
875 431
210 884
893 227
365 939
962 121
81 667
50 651
201 631
856 500
428 768
875 11
431 291
856 420
291 105
861 452
856 505
875 995
875 406
856 704
420 879
50 240
12 771
423 269
308 542
76 527
497 656
452 701
7 825
240 418
12 375
875 310
620 852
418 253
768 863
995 230
701 350
365 228
884 790
81 608
697 855
208 399
790 348
863 502
697 853
399 935
760 457
506 188
365 885
768 783
935 473
334 212
253 122
697 52
667 415
553 445
375 836
121 615
884 324
420 249
553 986
768 822
753 454
620 241
11 564
939 474
977 573
42 924
863 797
350 388
661 419
474 958
225 104
661 993
939 108
506 591
506 648
704 877
893 242
108 915
722 302
935 250
270 912
702 360
470 292
445 695
121 458
781 178
924 795
406 950
227 447
619 744
454 689
230 796
452 215
527 913
419 481
783 803
397 710
628 864
506 2
122 389
753 581
445 376
411 967
104 479
348 412
194 137
885 314
227 164
177 533
411 267
418 213
388 8
76 844
500 154
885 682
481 346
505 498
863 772
608 120
241 112
194 149
939 33
423 873
249 641
7 636
452 217
294 111
294 766
149 73
863 630
210 256
447 405
533 755
454 193
749 464
193 278
144 770
109 401
31 653
188 920
682 393
295 330
12 743
393 721
630 77
505 646
242 979
217 159
120 944
178 135
695 834
760 996
397 964
350 586
77 520
705 889
212 571
913 740
479 179
744 289
753 718
479 870
365 216
967 300
253 826
850 908
294 546
760 351
291 512
250 480
420 211
822 114
300 456
73 566
112 963
770 540
797 734
958 819
875 70
249 184
212 429
615 119
457 624
71 97
963 594
875 687
208 173
85 139
701 266
188 75
986 824
795 878
453 606
628 726
594 24
581 745
540 220
108 326
702 89
721 63
962 151
656 821
201 785
991 172
70 100
50 690
995 1
608 910
208 312
213 643
646 274
291 101
216 40
112 494
944 727
52 736
920 769
542 126
834 645
220 441
326 203
889 191
137 245
770 392
560 688
877 735
33 558
184 918
913 823
651 525
464 248
211 189
63 43
401 511
608 625
591 54
112 161
181 47
82 788
205 699
939 514
963 577
445 799
622 19
995 694
439 162
82 491
525 617
944 872
419 990
420 932
498 246
253 238
230 914
647 440
278 288
991 517
193 660
26 416
949 557
429 107
243 146
114 468
215 775
772 700
437 409
826 600
220 345
648 677
52 443
617 170
879 980
216 830
863 588
440 349
456 816
608 496
164 804
846 168
161 58
502 784
908 271
253 449
51 129
759 132
350 605
431 786
864 894
624 974
43 65
292 807
594 426
58 589
855 255
312 329
893 981
428 134
126 306
302 359
365 103
877 60
256 67
668 378
514 610
963 363
822 315
63 523
168 131
676 489
119 535
594 954
628 813
498 926
159 361
565 38
766 552
726 309
981 436
622 1000
145 391
443 810
787 627
8 368
58 17
240 603
861 187
359 98
565 96
104 537
280 460
641 903
456 984
186 143
454 733
857 232
625 719
154 750
266 41
903 14
499 663
324 343
97 937
823 911
44 717
977 113
939 528
42 866
823 987
149 957
60 66
879 115
641 880
786 802
505 623
369 318
910 357
577 536
924 311
314 556
348 738
830 928
162 148
841 239
785 218
744 86
932 61
865 801
269 296
980 601
422 263
884 956
520 83
740 674
528 185
809 367
228 433
100 737
964 626
885 644
162 862
122 471
220 925
302 923
107 519
460 279
820 379
824 742
315 281
699 827
532 125
699 362
877 434
771 833
193 259
288 492
188 30
594 327
790 467
368 273
695 219
308 202
573 347
285 192
809 904
804 732
255 403
552 316
668 596
350 342
219 998
505 325
870 425
343 814
464 207
98 102
740 849
993 951
445 358
145 385
885 235
688 751
564 691
915 199
143 465
768 410
497 320
31 921
345 237
457 953
950 3
359 283
648 27
1000 74
14 319
878 195
452 598
918 747
143 478
979 182
512 891
644 370
120 64
385 55
139 706
176 127
227 779
228 842
285 909
176 763
834 538
12 905
182 373
850 609
944 39
3 916
74 539
494 541
278 828
1 400
243 87
520 432
788 197
801 339
857 975
826 634
783 948
918 782
782 562
505 461
27 407
480 876
991 387
334 10
964 222
539 765
151 446
803 829
828 430
536 946
586 286
363 116
114 427
222 128
586 93
844 140
823 649
467 584
816 221
85 840
24 414
558 671
347 136
391 971
470 607
910 163
397 578
661 4
449 642
949 741
112 693
671 299
564 899
873 635
40 395
132 847
440 886
736 223
191 488
880 959
267 938
628 791
185 906
647 832
452 580
693 712
1 224
54 522
43 657
75 684
143 15
158 789
86 696
375 524
246 662
562 585
199 576
827 92
115 678
404 78
580 776
845 293
324 297
980 574
986 570
43 462
858 364
414 561
910 815
856 513
522 152
647 683
710 272
932 728
393 673
914 955
237 843
540 475
785 679
446 252
843 758
351 355
996 214
549 868
401 448
588 595
637 356
73 371
266 307
37 551
557 366
263 328
291 685
601 943
622 236
642 268
836 639
63 29
365 817
66 486
296 681
500 748
173 616
876 390
368 142
457 384
853 36
407 579
769 714
283 762
584 165
511 48
974 555
474 582
308 730
273 837
430 484
951 960
685 466
99 994
241 550
867 703
967 629
828 337
129 290
170 709
214 200
912 353
360 301
934 229
804 972
486 559
362 226
643 251
849 882
741 933
739 575
876 780
110 508
641 335
562 806
575 547
385 450
363 572
151 881
179 593
373 28
367 9
831 374
122 485
863 590
146 992
758 534
346 773
490 669
338 811
14 336
693 56
174 567
186 851
489 900
160 444
538 723
916 927
608 985
29 898
395 118
205 715
253 545
361 317
97 21
223 133
361 777
806 640
110 515
208 380
468 69
437 675
194 729
189 613
24 725
202 945
791 196
268 848
8 510
54 621
418 966
186 568
358 46
921 487
122 167
432 153
685 141
38 999
191 435
834 49
176 982
993 531
879 612
299 206
923 942
164 774
393 670
934 455
662 282
986 233
99 988
600 257
967 231
563 754
67 989
480 854
507 402
441 340
73 18
470 611
280 761
471 746
246 720
658 106
82 554
355 169
75 835
364 476
135 258
844 451
616 978
862 23
640 354
724 417
604 592
515 95
390 123
455 930
61 583
50 298
43 871
32 983
539 276
151 917
43 838
870 529
359 6
385 752
808 968
749 260
553 45
990 618
983 35
141 396
283 708
416 180
462 421
337 382
391 442
436 941
69 902
676 198
645 665
819 764
230 482
203 124
277 341
656 157
293 892
736 254
267 234
840 895
169 587
575 614
347 130
251 812
923 602
630 961
826 204
272 275
691 599
431 313
484 472
107 117
880 459
735 90
55 901
472 386
471 381
517 793
927 62
469 155
939 150
402 483
502 976
536 503
930 947
