1000 522
760 753
893 305
760 997
760 12
861 109
997 560
12 208
962 295
295 365
962 759
560 757
208 181
893 201
759 334
208 194
305 632
294 856
759 428
31 7
757 42
781 397
305 210
760 227
201 121
227 667
308 651
651 500
884 768
210 11
42 420
506 452
697 76
760 505
500 704
632 240
428 423
760 542
861 527
269 225
194 553
76 656
295 205
181 661
397 375
753 852
397 230
291 228
697 790
42 608
85 399
667 348
560 502
527 853
757 935
42 457
210 885
608 783
884 473
753 212
893 122
997 415
781 836
399 324
194 986
995 822
452 454
704 419
505 104
399 437
542 177
270 108
608 591
399 877
573 242
334 912
205 458
935 158
445 178
950 744
372 796
502 71
348 913
689 803
365 864
348 581
790 967
863 749
376 412
181 495
42 267
864 8
619 682
452 413
375 453
225 498
479 112
527 33
632 641
470 636
825 111
42 766
913 630
631 256
389 755
869 464
346 278
702 401
710 920
302 393
212 859
760 743
502 721
52 646
369 135
656 996
759 964
334 520
721 889
227 740
42 991
667 179
406 289
581 718
863 216
420 300
120 908
399 512
208 26
546 480
122 604
630 501
428 963
375 734
457 819
454 70
855 439
803 75
334 878
178 606
413 726
647 24
533 220
389 326
497 89
119 63
177 151
474 82
850 785
473 690
993 1
457 643
500 40
967 727
75 769
479 126
270 645
398 203
269 245
853 688
645 735
755 558
636 918
619 823
139 525
771 243
300 183
924 43
437 511
295 839
312 625
736 54
278 161
201 47
7 699
625 514
656 577
50 799
749 19
420 809
181 162
439 617
42 872
863 990
771 246
743 238
177 440
246 288
502 517
266 416
839 532
864 557
429 713
445 468
399 600
295 655
853 443
647 349
624 504
392 94
312 816
628 323
577 168
111 271
58 129
139 132
73 605
97 711
495 565
565 698
189 65
248 426
443 589
154 255
111 329
875 134
216 306
784 359
429 841
393 60
271 610
413 363
243 131
711 489
790 954
954 265
409 965
753 361
885 658
826 38
875 552
711 309
38 436
302 1000
552 391
726 810
241 627
624 739
935 187
877 96
324 537
577 903
690 733
413 750
419 41
627 14
731 663
50 343
232 911
913 717
509 528
502 880
168 802
209 357
285 536
498 556
11 928
294 888
249 148
1000 845
255 61
359 296
878 32
740 601
209 263
743 83
96 674
369 185
790 493
183 686
781 792
154 25
509 737
771 284
363 923
816 279
121 379
932 742
788 166
813 171
658 362
445 434
280 259
801 492
369 327
126 219
280 202
651 347
345 192
176 904
866 403
97 316
769 596
149 342
170 507
632 325
655 970
420 469
497 896
398 207
660 849
32 890
502 385
315 691
134 921
259 237
904 858
241 74
950 319
542 543
493 747
495 182
926 408
154 370
819 64
179 55
949 706
70 127
528 779
830 905
603 373
270 609
864 39
88 916
489 541
347 400
998 339
131 975
842 782
698 562
154 99
321 461
939 387
884 344
423 765
423 430
888 946
172 664
412 116
375 128
694 221
686 671
350 578
953 642
7 756
502 741
100 724
418 333
173 635
979 395
688 847
940 886
449 488
408 959
861 973
64 906
305 832
920 712
60 224
164 522
859 789
879 696
295 662
771 585
596 576
951 678
85 78
711 776
379 84
924 574
470 570
570 462
765 364
398 561
588 683
149 659
701 272
148 843
535 37
302 475
558 679
272 252
970 20
751 758
684 355
498 868
733 448
981 595
615 356
875 371
394 244
334 685
702 943
916 29
412 817
605 390
710 142
377 384
461 579
179 190
825 714
727 48
40 555
569 582
850 466
580 994
163 703
876 337
847 290
215 53
825 200
269 518
360 972
140 559
74 226
525 508
997 806
200 322
679 572
283 881
137 593
535 28
962 374
899 590
704 992
833 534
82 773
387 669
353 336
897 567
53 851
202 563
944 444
590 723
539 985
615 898
114 638
300 545
664 317
338 133
375 515
993 778
60 725
719 945
863 510
324 966
495 883
309 167
115 141
436 49
833 79
979 794
744 774
964 516
255 666
603 988
555 257
565 231
418 989
870 854
808 340
348 332
724 18
283 611
753 463
559 761
588 919
660 720
768 106
391 554
955 544
687 835
782 476
450 138
952 258
257 451
404 23
427 354
929 123
671 672
315 583
43 298
918 654
675 871
110 917
359 838
96 6
351 16
284 752
465 45
833 396
640 708
58 180
732 421
670 382
684 941
954 198
135 482
41 124
642 341
586 892
523 895
219 304
292 614
893 805
548 477
446 812
992 602
69 860
233 961
581 204
743 707
452 599
746 472
203 117
579 386
54 793
798 62
932 155
125 150
134 976
768 503
14 947
