1000 320
861 760
893 997
760 208
365 31
760 759
31 757
305 181
31 294
861 201
295 194
760 50
962 628
997 428
365 397
31 227
753 697
651 768
997 76
295 704
81 269
81 225
939 701
11 418
542 608
208 850
291 348
760 722
939 188
631 885
105 783
109 473
399 212
697 415
553 454
661 573
420 924
619 270
986 993
620 702
822 591
993 470
375 795
560 950
205 744
250 710
885 967
869 749
822 412
977 267
240 213
194 8
399 846
533 413
42 498
164 772
12 112
112 149
51 820
797 636
210 217
760 193
967 770
591 653
861 721
912 646
977 834
549 996
212 520
111 889
505 571
632 647
770 546
718 398
8 34
935 26
179 480
216 604
651 211
159 734
300 70
241 184
656 594
797 687
501 75
962 878
844 726
439 24
630 63
220 151
205 82
864 910
553 101
278 494
295 769
620 441
628 245
924 735
122 558
191 248
581 189
348 43
376 839
456 625
553 176
958 577
189 162
768 246
238 499
498 440
695 867
606 660
632 156
790 107
781 775
122 980
164 94
885 496
188 323
269 449
727 44
996 668
278 132
557 331
101 711
986 894
243 698
50 65
107 807
932 426
577 981
622 306
586 610
470 315
852 489
242 535
577 954
586 265
230 361
310 658
324 552
651 436
454 810
158 368
627 17
571 88
458 984
212 509
71 232
651 750
721 41
594 343
63 113
713 987
498 115
624 802
630 318
436 357
690 536
318 311
710 218
449 931
991 801
300 32
995 263
71 956
110 792
271 25
107 737
651 626
120 644
88 925
108 519
560 379
428 281
300 166
610 362
509 434
398 30
170 467
894 202
185 342
850 970
137 207
464 951
30 358
964 751
857 199
208 465
325 320
452 283
441 74
831 891
156 127
105 779
378 909
121 905
209 609
818 539
256 400
743 339
852 948
211 562
58 548
107 10
197 344
416 765
443 664
810 650
279 93
967 140
825 287
949 72
617 637
82 607
734 4
383 741
320 635
717 395
41 160
779 886
192 223
24 488
358 959
926 832
600 580
289 696
436 662
407 576
520 92
615 678
428 293
373 152
779 683
467 673
400 955
890 843
460 868
1000 595
302 371
716 236
913 692
295 48
818 555
426 466
195 629
637 337
576 290
626 709
790 53
40 652
538 518
750 353
582 559
414 22
495 251
211 882
955 575
604 780
107 335
40 806
657 572
375 881
288 174
137 352
987 374
71 485
971 590
849 773
508 811
229 444
775 723
905 521
414 545
818 21
484 777
609 945
91 487
422 79
527 531
844 206
693 774
745 633
734 282
717 257
794 989
87 402
681 332
866 18
4 147
712 611
829 761
283 919
659 746
594 106
552 544
420 835
413 476
193 138
753 123
969 672
34 838
662 529
711 396
597 708
250 180
351 382
259 198
535 764
396 482
998 341
643 892
714 234
32 936
263 304
713 175
14 313
183 90
579 793
710 150
425 947
