1243 156908
40
121
908
966
30
40
47
41
42
875
27
35
35
30
38
46
261
46
38
33
48
35
34
48
30
35
34
985
40
36
44
38
38
42
515
109
35
40
41
48
36
32
32
260
37
46
45
943
49
48
30
36
33
37
50
62
37
47
38
43
40
43
43
49
41
38
50
49
47
49
36
39
36
30
48
40
38
44
33
32
42
33
31
41
47
46
47
728
40
46
49
48
31
610
37
44
38
42
36
183
43
27
49
31
36
900
43
30
37
31
46
47
46
45
34
42
46
49
38
583
47
39
47
39
46
32
870
38
208
32
785
696
48
35
39
194
35
49
49
45
34
49
31
40
47
953
40
489
38
33
39
33
31
256
48
49
30
644
682
755
36
33
35
45
233
34
85
32
33
46
42
45
959
50
33
33
40
32
31
49
802
37
47
30
33
150
33
95
38
49
728
44
968
43
965
41
30
47
36
254
49
44
47
40
659
34
41
42
41
33
2
722
36
37
48
50
38
40
39
65
284
34
41
36
50
36
42
50
35
36
32
48
527
30
36
40
46
34
31
30
42
46
33
45
47
45
607
41
685
51
49
31
32
44
46
33
40
39
127
298
34
32
43
271
41
704
48
47
30
46
40
42
543
31
41
626
31
571
47
43
44
842
39
34
47
42
33
35
47
872
37
36
44
44
50
44
47
50
33
935
631
42
32
37
20
40
190
39
576
49
459
50
36
37
147
33
39
45
253
30
938
35
42
36
35
847
47
43
678
42
39
46
48
37
74
48
47
500
32
44
48
34
539
48
45
50
499
50
44
44
39
665
42
37
44
186
796
39
34
600
35
990
30
32
38
44
779
37
288
32
645
36
116
982
45
42
855
43
37
993
38
49
45
44
41
37
283
31
185
42
36
46
36
79
49
48
42
48
32
35
30
42
44
46
710
578
49
35
45
47
46
30
36
41
53
45
46
50
34
30
37
47
46
23
42
46
36
44
35
47
45
820
142
45
43
32
37
50
162
577
73
33
32
36
33
44
48
45
39
34
893
34
38
44
38
36
36
35
42
39
605
44
50
40
49
37
50
48
129
48
43
42
42
34
41
32
41
33
31
43
427
45
50
31
41
38
33
38
34
41
48
36
720
46
32
42
33
33
32
36
46
50
50
31
50
135
59
40
35
170
49
222
40
44
269
46
50
32
38
49
462
36
123
30
576
32
170
38
38
551
49
35
31
32
633
35
34
43
31
527
161
415
44
43
47
30
39
37
31
38
40
44
45
46
50
33
31
48
570
32
897
34
720
44
33
108
35
37
42
50
46
30
47
281
33
35
857
440
40
46
36
32
34
408
539
30
44
872
31
36
47
36
36
30
448
39
35
521
44
37
36
43
40
36
33
42
31
725
41
49
37
49
30
38
41
34
43
37
35
45
33
46
38
31
38
42
46
141
34
35
499
32
36
30
96
41
35
32
35
46
49
31
37
48
50
36
475
45
37
46
42
34
78
39
43
653
502
134
40
47
610
31
49
44
45
36
45
33
45
31
253
39
47
50
37
48
39
31
40
30
28
666
48
31
49
801
47
39
30
46
38
80
50
40
42
43
36
172
51
36
36
36
39
32
174
44
36
39
30
35
491
41
30
45
36
40
39
35
85
50
940
45
34
32
42
48
37
47
50
45
942
43
50
49
49
50
45
35
803
31
34
46
40
39
32
293
35
867
44
36
43
40
32
38
38
49
32
30
45
38
49
661
35
46
44
44
37
30
620
32
48
47
49
284
44
208
30
657
37
42
39
43
38
42
40
46
1
276
39
36
46
50
43
31
38
31
719
31
35
40
32
34
32
45
50
43
33
656
30
31
33
48
673
65
41
49
38
48
35
41
40
30
45
33
48
645
47
42
49
30
46
952
35
211
853
706
136
35
567
31
42
49
30
39
31
45
150
642
30
46
36
47
33
996
44
40
145
39
39
32
38
929
36
48
139
796
251
50
31
50
43
32
32
46
49
49
783
38
33
187
46
47
48
33
48
47
49
36
33
47
36
30
899
44
48
50
35
37
35
35
41
575
43
35
33
49
44
47
45
44
49
31
48
910
35
832
44
41
42
30
33
33
45
38
46
38
45
570
551
50
32
120
39
46
46
33
38
49
38
41
35
37
44
43
40
46
47
34
38
42
44
243
30
36
40
263
228
50
36
32
46
40
44
30
42
34
50
614
48
35
35
31
736
32
38
853
33
41
30
48
55
43
43
35
45
36
50
31
50
792
831
50
32
30
31
43
32
591
34
35
38
43
30
33
34
32
458
32
47
50
36
44
46
43
292
36
769
45
32
33
898
43
49
205
32
43
180
28
44
716
864
38
41
36
37
34
45
46
742
34
814
39
514
41
858
44
43
30
34
44
47
940
33
112
42
663
34
173
40
38
38
531
44
39
34
43
39
35
31
42
7
43
614
35
50
32
32
30
817
283
36
47
45
32
50
50
39
42
42
33
32
43
49
48
50
47
41
42
32
37
38
39
47
44
43
38
47
30
47
41
31
31
45
46
40
50
41
39
47
38
43
49
49
44
46
42
785
44
47
240
41
43
42
48
31
45
46
43
31
32
36
47
603
44
32
35
537
752
45
43
42
33
42
48
863
46
45
42
40
36
68
45
42
30
33
37
31
34
32
42
30
47
45
46
32
47
45
33
503
45
38
39
50
39
39
38
45
42
40
15
31
152
38
37
240
38
41
47
46
42
45
37
32
36
47
272
44
34
39
31
40
48
45
40
830
41
159
39
48
42
957
46
35
609
44
42
33
48
613
37
744
35
42
168
33
36
41
34
35
35
48
39
23
