1244 154551
38
994
45
44
35
43
39
46
30
32
205
43
35
46
49
167
36
46
45
49
31
610
41
48
613
49
42
46
45
40
31
34
37
784
50
31
30
48
46
40
47
44
602
34
69
39
50
50
42
626
623
36
208
31
35
30
45
43
267
36
35
32
45
135
47
39
463
46
40
35
37
30
40
40
43
49
32
47
44
50
49
41
39
426
31
41
41
48
607
653
841
41
32
39
44
47
43
280
44
46
44
43
33
34
35
44
111
33
44
45
31
34
31
30
38
40
32
32
38
49
34
39
30
31
31
34
34
34
47
924
107
32
42
33
45
43
48
38
48
46
42
39
33
40
40
800
47
39
36
43
765
42
41
44
38
46
37
42
422
50
31
46
863
43
549
48
36
30
45
970
41
32
548
34
31
208
32
33
140
49
37
34
41
46
38
31
736
35
45
32
35
31
50
661
37
37
38
34
16
46
30
47
36
230
105
113
42
806
35
47
34
32
59
47
44
47
46
46
528
32
30
38
33
659
60
32
49
36
35
32
42
35
38
31
954
31
36
30
31
40
42
50
49
165
216
45
33
39
36
908
43
38
40
40
37
41
33
45
35
147
37
30
430
565
175
48
37
13
40
142
34
916
41
38
81
46
48
42
34
49
163
36
166
45
48
197
45
30
45
48
30
40
47
42
740
45
46
36
31
571
50
39
35
144
42
44
45
40
46
47
45
40
40
40
31
50
36
31
44
997
48
71
47
741
48
786
32
41
40
35
34
45
46
40
773
39
48
46
290
41
50
38
20
34
44
234
36
43
693
32
447
46
31
46
32
34
43
38
41
47
36
494
33
46
32
726
260
34
542
160
34
33
30
31
43
30
47
32
34
33
34
31
38
47
37
36
98
31
50
47
35
823
40
868
32
949
39
66
32
42
46
405
37
34
44
30
38
38
492
39
31
38
40
50
585
47
43
655
47
36
39
44
479
809
442
31
64
648
37
288
50
159
34
40
32
45
46
36
43
39
40
535
39
34
42
49
34
430
50
49
48
31
31
35
33
43
676
50
43
35
41
47
47
30
48
45
37
37
37
42
269
32
46
30
48
877
32
38
33
38
33
37
46
37
45
42
49
42
30
32
35
34
43
44
425
40
40
37
49
37
47
44
805
485
46
36
739
39
32
42
570
38
47
38
43
37
33
768
243
41
37
32
32
50
50
28
30
42
32
40
32
50
37
42
152
44
43
37
38
420
30
38
38
432
32
45
50
39
43
33
45
272
945
46
30
39
35
665
49
32
43
897
31
46
37
43
47
40
31
35
47
46
986
610
48
43
34
33
48
47
49
50
728
40
41
516
41
40
33
37
35
286
34
698
48
46
457
608
33
50
41
44
44
30
931
63
34
44
39
680
663
44
36
41
44
33
49
31
43
32
58
57
48
36
47
32
987
31
39
40
975
39
33
49
44
30
47
37
39
38
45
35
44
34
41
42
908
45
36
33
35
43
156
35
32
42
39
38
455
38
49
50
49
46
207
41
31
31
34
37
44
5
42
237
627
50
192
47
40
35
100
458
45
34
40
33
987
42
34
34
30
252
498
49
44
40
48
45
38
11
31
41
50
43
613
41
47
34
33
47
44
47
50
47
67
37
40
36
32
46
47
39
47
619
50
33
41
37
47
33
31
19
572
47
970
33
31
37
47
35
39
34
34
31
742
31
41
424
47
40
44
30
30
44
100
30
44
31
30
33
275
37
287
49
31
47
21
140
39
32
30
32
42
34
35
46
47
31
34
43
47
36
909
34
22
34
39
49
38
34
39
73
33
767
283
32
35
37
36
37
41
38
40
552
414
31
30
50
30
31
38
40
41
162
35
50
40
38
43
49
50
32
689
30
47
31
50
47
50
32
38
268
36
50
32
48
43
42
50
46
48
40
37
31
45
840
34
34
897
44
37
47
36
40
45
32
44
49
38
40
47
686
996
50
37
50
63
31
492
43
36
42
47
42
36
34
32
13
41
48
39
298
951
873
41
50
42
41
49
47
37
951
40
31
46
47
32
47
968
56
47
44
47
31
32
40
49
42
30
47
508
43
731
44
34
36
35
32
31
32
36
39
36
50
38
49
256
42
38
49
34
42
49
242
48
47
46
42
32
828
31
32
44
32
46
41
33
50
62
707
44
47
39
292
48
558
39
41
34
40
44
905
32
40
34
45
693
46
35
43
44
48
34
38
841
36
47
44
38
40
31
45
32
37
41
41
40
597
489
33
31
593
827
220
30
39
32
885
43
40
30
78
43
35
47
41
39
30
35
49
109
31
36
269
33
35
43
36
955
35
48
37
44
30
31
43
31
41
33
35
40
50
35
42
43
75
959
33
45
50
49
39
977
32
37
47
41
999
35
43
10
682
45
36
49
41
41
49
41
47
44
46
43
39
46
47
47
50
844
47
33
46
44
38
47
35
46
652
40
35
122
42
31
146
616
34
36
37
266
39
47
42
40
35
623
30
30
48
38
33
31
30
42
38
35
34
39
36
40
33
41
48
44
609
34
43
50
213
47
50
778
48
31
36
41
630
37
31
30
42
299
171
40
48
752
46
32
93
32
975
34
37
37
45
39
43
457
48
30
263
37
41
37
49
40
514
429
46
50
4
46
407
39
44
40
43
44
36
960
36
621
30
43
38
41
41
32
33
45
41
778
47
47
43
43
45
33
929
46
478
40
40
47
39
46
48
29
49
35
37
44
36
42
47
48
44
33
44
32
34
36
45
45
194
37
39
42
40
46
706
37
30
39
34
38
35
42
37
32
443
42
31
37
30
43
36
108
39
45
38
40
718
47
50
