1243 157296
34
39
31
33
44
44
31
29
49
40
38
48
49
37
39
38
66
43
47
45
40
35
45
45
30
38
34
31
35
47
42
713
37
31
33
39
32
746
45
42
36
869
49
46
30
39
668
30
30
38
47
49
38
657
257
826
215
36
30
46
48
44
42
40
35
39
49
35
430
39
605
50
110
43
172
522
31
48
46
257
43
38
45
772
31
277
49
43
265
704
37
150
43
31
44
879
105
41
46
50
44
41
36
50
903
50
46
702
39
48
35
570
46
414
43
30
46
37
34
40
32
45
34
39
42
38
49
48
46
44
34
37
32
669
46
38
224
34
40
36
37
40
50
33
39
37
30
630
44
50
44
478
32
968
37
48
46
40
50
35
143
48
41
809
853
30
40
42
35
168
46
35
42
460
687
48
35
42
41
39
48
44
98
30
37
30
226
34
892
819
31
106
50
37
18
41
44
39
41
47
46
31
44
40
45
49
37
30
625
30
47
33
40
50
47
33
48
43
250
48
37
36
251
43
37
30
763
535
31
43
35
34
46
46
43
32
44
50
35
41
40
48
32
44
43
43
45
37
34
983
38
46
776
40
913
46
48
36
6
93
36
30
50
521
39
33
39
33
38
37
30
30
220
43
48
44
45
43
509
35
404
62
41
35
42
48
35
50
38
416
42
37
84
35
33
33
46
15
42
47
35
49
713
962
31
44
41
48
39
42
38
45
46
245
631
45
902
39
43
33
47
40
39
533
49
41
36
49
42
45
30
42
35
33
46
36
882
32
47
48
49
41
36
31
46
37
38
36
46
50
30
34
608
50
31
43
945
864
33
32
133
41
34
47
31
37
40
41
32
30
38
45
33
275
35
32
31
733
48
27
42
39
49
31
172
34
40
32
749
43
767
36
45
34
39
633
50
50
33
50
39
48
34
37
32
210
49
49
39
42
39
40
964
33
42
38
49
50
43
541
33
33
47
37
33
32
47
19
37
33
38
38
49
44
850
31
37
32
45
36
50
35
37
30
31
609
43
32
37
38
42
986
967
39
37
34
33
46
137
41
258
47
525
904
44
31
610
43
785
35
628
45
34
211
45
42
35
43
48
676
36
44
40
45
31
43
31
46
48
34
32
36
35
40
34
31
48
43
617
40
35
198
463
404
720
44
42
45
37
34
12
43
237
30
43
47
24
43
41
48
47
877
126
124
36
33
815
159
35
38
39
30
49
43
32
33
43
32
966
47
779
36
35
32
31
42
35
32
733
35
32
42
46
32
626
42
38
79
41
30
30
37
46
45
43
45
30
31
37
36
46
50
42
40
49
46
41
870
44
45
34
38
42
49
45
45
40
40
190
45
44
34
30
298
30
924
624
48
47
30
30
38
43
42
45
31
44
44
31
32
47
47
30
47
37
33
42
45
30
40
44
46
34
37
50
43
41
42
45
702
36
46
41
35
42
45
44
46
40
122
30
45
42
37
47
34
36
852
545
38
42
127
36
224
44
580
43
751
39
38
50
42
35
43
35
41
43
47
203
45
31
42
629
32
40
44
81
39
35
761
30
748
39
33
40
43
39
41
48
47
31
39
45
39
31
32
33
39
32
661
38
229
32
42
999
45
38
44
42
50
37
33
40
548
40
101
563
31
44
33
420
37
41
43
39
32
39
35
43
50
211
296
43
44
44
100
48
488
33
35
31
37
35
43
941
913
49
36
40
50
50
812
41
665
99
60
38
733
41
35
39
36
39
32
46
40
43
47
40
245
49
49
47
39
59
417
35
45
47
49
32
925
30
47
44
47
860
33
47
842
48
34
47
32
36
962
33
856
38
40
31
32
33
30
50
42
43
685
45
42
37
906
49
34
26
33
912
38
50
37
292
46
45
41
43
728
31
48
39
36
44
36
37
33
42
46
30
90
47
49
43
31
36
44
39
46
36
50
4
49
34
520
37
952
36
111
45
32
34
37
30
35
473
38
40
40
37
204
49
47
37
31
30
46
35
34
47
47
40
32
689
38
43
32
2
33
227
37
33
144
48
48
855
30
37
39
35
48
50
31
43
989
34
30
49
42
38
297
37
45
40
42
32
55
50
38
984
45
43
689
47
35
44
684
36
30
32
840
44
45
32
45
50
19
37
35
36
541
45
35
46
47
215
41
37
67
47
32
33
37
875
35
724
37
32
40
41
33
30
38
44
44
47
35
46
41
40
149
36
31
50
6
46
913
38
37
38
32
34
42
34
31
30
32
47
42
47
41
50
47
42
35
39
41
41
199
48
44
42
36
37
34
32
39
500
45
42
50
49
921
47
49
44
50
32
40
34
516
49
997
38
513
46
44
45
48
49
42
48
47
36
38
34
31
36
49
580
38
50
42
41
794
42
33
32
776
31
80
48
42
47
50
41
50
43
30
36
33
38
46
42
58
612
30
44
657
41
38
37
44
40
49
44
40
42
37
31
38
64
49
720
42
49
41
33
36
35
39
41
36
31
48
258
39
43
192
30
42
40
46
41
48
42
45
224
31
781
44
31
47
34
36
580
35
748
35
983
46
35
36
41
283
33
34
35
35
46
30
45
46
39
43
46
697
37
242
32
168
46
45
39
38
39
46
36
40
570
47
45
33
40
35
34
671
37
518
34
34
47
32
273
47
32
46
43
44
48
39
45
36
208
50
48
578
46
534
228
48
97
30
801
48
40
49
45
50
48
33
41
729
35
40
34
428
36
41
45
154
47
48
50
792
31
38
31
42
36
43
37
37
42
42
31
41
47
37
35
40
30
39
49
49
45
50
31
39
39
265
37
36
32
31
37
733
34
44
114
42
47
37
31
45
47
