1244 154555
461
39
36
44
38
47
25
38
44
35
49
38
45
463
39
44
49
640
34
39
43
35
270
43
43
42
31
40
33
145
38
41
36
50
39
31
41
48
32
31
33
433
50
45
607
34
40
46
35
48
39
189
34
45
32
41
15
38
35
48
31
39
39
36
39
35
41
654
889
36
48
707
37
50
49
49
37
33
31
40
408
46
47
37
36
736
559
46
31
40
47
38
30
30
38
861
30
30
46
42
30
48
217
266
180
42
789
35
49
42
38
38
42
529
46
49
679
33
39
31
593
50
34
41
142
33
30
998
36
23
238
931
207
44
40
39
455
45
30
43
33
41
44
236
48
45
50
33
30
50
31
35
47
37
41
48
869
35
33
47
46
43
32
36
47
40
855
31
995
48
509
37
979
36
41
40
985
45
34
69
74
42
45
32
45
49
30
83
192
31
48
38
235
96
36
31
261
34
34
36
40
35
28
50
41
38
40
45
44
672
42
50
38
32
41
45
32
34
42
50
49
34
42
36
33
49
49
45
36
176
31
32
17
33
45
45
43
47
48
15
45
31
30
45
268
139
42
33
30
48
41
33
32
43
37
35
39
268
168
36
476
34
163
50
45
41
34
42
48
31
33
36
41
30
43
692
42
769
886
514
39
47
113
35
45
898
31
636
44
43
44
36
39
32
42
38
553
33
44
64
37
40
537
293
45
34
40
31
67
34
42
12
411
45
47
48
50
839
50
46
36
33
36
40
44
40
49
275
38
36
41
49
163
45
46
44
50
48
37
813
33
78
48
32
48
85
38
60
49
43
44
41
38
848
46
601
35
36
33
45
34
32
35
44
50
38
37
609
50
32
46
42
42
38
38
35
32
35
141
47
46
48
48
36
48
33
35
46
39
46
48
48
50
588
46
33
40
38
32
767
44
30
44
39
40
32
42
31
32
177
40
640
43
35
43
40
863
35
755
49
42
722
174
32
41
49
44
37
32
47
603
37
44
33
42
43
646
37
40
33
50
38
31
34
31
47
33
31
294
47
47
44
48
40
39
774
50
36
41
30
49
38
458
33
33
980
42
790
503
699
31
43
42
30
543
100
48
42
670
30
45
41
44
50
30
50
45
43
31
30
33
32
40
38
31
189
30
159
200
896
214
671
41
48
43
50
33
49
45
34
10
44
39
30
35
42
37
45
47
287
855
49
31
30
44
37
47
32
49
472
31
33
39
30
606
31
47
37
43
40
49
43
916
43
32
719
38
154
44
38
35
39
31
44
36
49
39
47
31
43
40
48
35
34
48
38
32
270
41
36
159
866
41
43
45
45
39
45
39
49
32
33
49
34
41
48
271
34
46
33
882
41
32
35
42
44
32
46
48
582
40
34
42
497
451
34
49
210
35
37
628
594
536
41
41
45
44
41
30
36
45
45
35
34
36
32
33
598
47
48
780
50
47
961
45
45
49
30
47
628
49
47
41
31
37
38
32
43
48
38
34
31
50
37
31
36
48
44
44
34
49
36
728
49
33
44
38
36
42
607
898
43
661
44
38
41
49
38
451
45
39
43
36
40
45
49
41
39
36
40
32
31
50
48
37
49
36
48
42
875
38
46
48
49
43
118
39
48
48
40
45
31
49
35
41
39
49
38
913
48
42
41
42
186
50
42
32
44
39
46
44
46
45
46
39
39
32
45
32
37
47
39
68
474
38
11
42
38
79
37
298
38
40
48
34
31
31
50
36
56
843
30
43
37
31
42
39
35
41
40
40
49
40
40
47
38
39
49
36
43
45
49
408
38
15
48
234
45
45
30
44
31
32
40
30
33
31
45
32
44
44
30
30
42
22
34
34
41
35
885
46
46
34
34
45
43
50
285
697
41
38
31
49
49
36
38
44
43
36
33
39
123
42
47
42
34
136
49
33
30
49
180
37
30
37
533
31
50
34
38
757
42
43
45
598
43
31
37
32
40
40
33
43
32
50
33
30
49
37
48
36
50
33
46
683
43
45
35
476
38
864
44
36
49
44
38
36
44
45
31
38
43
35
31
42
42
760
34
31
49
35
45
42
41
34
47
39
40
31
32
46
34
49
49
31
37
38
42
42
49
824
43
38
661
884
31
44
33
38
44
38
36
42
92
476
41
829
30
33
34
298
47
31
976
254
735
4
32
44
246
30
44
30
31
37
170
42
37
45
35
46
31
50
33
41
447
47
981
44
30
47
35
48
42
31
125
48
31
31
43
43
34
39
42
44
48
31
43
43
41
33
40
35
37
42
44
36
31
35
30
42
30
47
40
43
36
971
184
471
45
47
43
30
14
48
47
44
38
40
40
41
43
42
48
31
41
41
35
49
599
34
298
8
39
38
46
41
496
41
731
50
46
41
37
667
33
36
45
28
501
41
41
34
38
30
49
46
41
39
30
872
42
39
40
48
37
31
35
33
39
760
30
417
44
30
42
694
49
34
32
32
30
44
943
50
49
30
41
216
34
40
31
910
44
47
69
907
40
36
43
50
37
50
930
33
596
44
716
42
627
24
50
34
37
39
42
42
44
46
978
932
169
45
44
47
403
50
46
30
13
34
49
35
43
40
39
48
34
34
616
43
38
36
30
49
36
624
46
33
37
46
43
44
39
45
37
46
273
47
592
42
30
614
30
34
547
42
39
40
31
30
38
40
36
997
40
34
203
41
43
36
49
32
42
39
32
113
38
946
6
46
568
38
44
40
48
49
943
32
31
31
43
49
431
34
46
531
36
191
31
48
49
39
961
36
37
37
47
50
406
33
665
30
48
736
42
50
47
31
119
47
35
30
34
844
30
924
641
685
43
62
32
50
39
