1242 155893
35
34
30
36
40
31
50
30
45
36
37
38
36
40
30
47
44
33
40
49
44
795
487
268
32
31
40
48
33
32
555
42
46
841
47
45
41
40
33
124
50
31
46
55
263
35
37
33
48
34
47
35
38
42
44
92
31
36
44
42
735
31
50
879
36
32
34
48
44
208
39
145
45
35
200
37
665
41
40
47
45
42
39
46
50
49
38
992
40
37
30
35
31
47
180
38
39
34
708
38
47
35
47
887
47
42
814
33
980
701
30
924
33
50
30
34
48
274
983
32
279
40
38
30
899
39
37
40
33
31
48
30
50
48
46
33
50
775
49
46
11
41
991
39
35
39
47
32
50
44
48
41
46
32
50
48
859
3
45
37
48
913
283
43
46
32
32
50
32
37
46
47
42
38
40
36
37
35
31
45
33
33
38
37
33
158
45
47
753
50
50
701
31
41
31
458
33
50
42
39
37
49
50
875
76
36
605
48
32
39
44
34
35
41
45
32
34
679
32
34
32
30
49
35
35
33
47
31
35
506
39
33
30
49
36
36
283
36
34
709
40
50
34
48
43
49
37
37
31
38
96
44
48
38
30
187
40
38
39
40
42
45
46
50
32
32
915
37
36
47
39
49
968
32
45
40
46
755
43
35
47
38
30
41
49
39
38
45
46
45
36
31
50
50
38
46
31
44
42
42
33
37
48
552
49
41
33
988
44
33
32
32
978
45
40
36
143
30
50
36
37
31
650
35
42
34
46
32
32
33
48
39
32
141
35
44
45
34
35
38
731
46
34
31
38
46
30
148
38
36
969
289
47
41
555
32
38
30
34
32
40
47
48
283
505
34
47
36
30
34
772
30
43
43
40
32
49
38
35
778
49
46
43
43
39
32
34
41
33
40
48
31
39
36
31
38
43
37
40
47
434
750
49
45
30
71
42
42
48
50
31
50
38
93
31
833
47
40
32
38
50
36
49
49
41
36
650
40
48
41
38
180
42
44
44
36
39
541
922
43
31
32
45
48
37
21
489
35
32
35
48
37
32
44
137
48
424
31
986
43
46
30
39
31
36
45
31
39
36
38
30
904
32
44
35
43
33
38
42
280
666
45
44
33
49
40
35
48
41
50
32
40
454
45
37
256
32
35
47
34
49
37
42
498
42
30
32
33
32
116
679
215
35
48
40
270
246
695
34
730
37
50
219
43
36
35
43
40
35
42
34
40
47
33
757
294
38
40
42
716
33
47
49
50
38
998
30
34
34
46
31
32
521
48
46
40
30
40
42
30
30
39
32
36
32
34
39
243
43
35
39
38
35
35
41
30
36
34
45
42
50
42
9
46
48
191
35
38
46
7
43
50
35
39
435
42
948
77
43
37
45
34
44
35
110
30
30
50
32
804
34
41
45
30
39
957
57
43
38
269
35
35
33
42
662
40
519
38
35
43
31
31
39
36
35
47
34
41
40
37
745
31
44
42
42
619
275
49
512
42
34
34
40
168
38
45
33
35
980
277
31
47
39
36
44
269
42
32
48
215
30
148
48
38
34
33
42
48
32
163
42
46
33
297
46
41
49
47
32
662
36
47
45
40
32
40
39
48
34
48
39
720
37
42
35
44
30
44
48
38
49
30
90
48
48
35
49
34
130
44
33
49
50
798
47
36
30
44
48
40
36
32
47
426
37
43
31
484
31
33
597
33
50
42
38
48
41
45
32
31
35
30
214
705
43
45
30
50
39
33
42
184
720
39
47
124
631
50
50
43
31
34
48
42
30
153
761
36
243
42
534
33
33
31
40
909
46
48
48
43
33
46
48
47
34
36
30
38
36
37
43
35
30
47
30
49
688
37
49
38
44
47
48
819
971
34
37
36
33
38
35
50
157
47
50
31
612
18
43
30
628
47
33
44
42
33
39
41
30
37
42
470
145
40
50
49
50
43
42
47
923
49
195
46
44
39
230
40
41
47
940
30
47
35
50
31
44
39
36
40
37
44
31
33
223
43
33
36
936
43
37
49
48
695
537
44
40
37
288
34
48
629
33
46
33
39
34
38
48
41
99
50
32
44
48
47
37
407
38
41
43
43
32
871
740
39
35
558
48
44
37
46
49
34
910
35
39
31
43
44
40
34
49
41
47
50
736
48
221
493
1000
282
47
46
30
40
36
36
38
127
30
50
42
711
546
253
39
34
50
40
38
47
102
37
720
2
517
177
50
36
32
244
47
38
49
34
43
49
33
32
490
417
37
37
37
49
31
45
33
47
38
40
43
952
44
45
35
43
37
41
36
37
43
617
187
730
33
46
36
460
42
206
41
32
43
39
34
35
30
38
47
42
47
42
820
225
45
115
48
45
41
47
38
38
35
34
34
120
38
44
33
47
47
45
35
36
31
40
33
48
45
46
49
31
19
35
42
45
33
702
43
35
45
35
557
2
48
33
43
47
36
45
32
32
555
30
36
46
928
43
749
32
454
975
177
32
280
36
35
37
34
45
45
30
37
233
40
37
35
41
41
36
45
522
36
35
460
44
43
42
48
466
42
35
40
409
36
31
48
778
50
31
39
50
199
35
33
44
39
40
48
30
34
61
184
32
45
736
37
34
35
903
46
35
482
164
36
31
36
41
37
31
39
47
40
34
38
30
46
615
47
46
46
752
838
533
37
42
30
40
41
46
908
41
50
48
43
42
30
38
50
37
49
40
46
40
503
39
520
409
37
44
30
790
32
31
34
50
31
30
49
42
45
45
46
48
39
39
30
49
798
35
39
35
48
32
38
48
45
32
47
42
33
290
32
41
37
38
33
466
48
166
436
631
36
40
35
45
35
42
161
35
