1244 157697
42
37
159
40
50
31
42
50
899
950
30
41
48
43
37
43
37
36
50
47
41
31
49
35
137
30
144
40
50
38
30
38
38
90
32
49
825
38
32
49
50
31
45
217
40
43
42
43
40
46
42
285
31
977
36
35
34
40
968
47
34
49
39
34
49
270
35
37
60
988
32
35
50
631
33
35
49
521
32
32
33
48
560
803
593
982
49
40
43
41
33
42
48
39
37
34
48
37
430
42
50
34
721
30
81
34
48
49
45
35
50
43
31
47
44
464
37
44
869
75
32
32
33
50
41
33
49
38
33
32
40
36
32
30
38
34
45
45
50
46
176
31
31
46
945
583
45
469
32
46
37
33
44
30
554
36
38
45
49
39
35
34
39
30
32
32
569
35
38
50
38
39
42
293
35
42
38
42
59
37
41
444
30
33
49
129
30
545
44
44
618
36
46
65
466
33
39
43
31
676
33
36
50
33
36
49
84
34
33
50
40
45
38
423
31
555
831
41
30
19
41
34
36
37
48
38
37
41
32
34
50
33
891
40
31
42
266
47
39
37
283
42
49
839
41
43
50
50
37
39
46
34
41
47
41
543
46
296
48
41
41
37
40
38
46
50
47
40
35
32
38
33
47
39
39
46
50
774
30
36
666
976
42
45
30
31
38
48
511
39
50
31
32
956
44
32
294
990
44
38
186
32
48
41
30
115
30
50
817
50
36
37
44
35
37
788
468
41
39
46
37
45
950
42
32
30
36
34
36
32
39
37
892
30
655
906
704
38
46
45
44
31
95
448
45
44
39
45
951
45
49
46
32
34
45
36
45
47
35
42
37
31
657
33
37
42
38
50
49
993
836
38
47
31
47
1000
48
31
42
403
50
31
33
36
35
530
49
43
49
32
46
33
39
37
31
195
38
47
43
489
32
37
42
445
96
32
48
42
31
938
882
40
43
39
281
38
106
36
646
44
39
40
43
47
33
46
45
48
50
35
34
33
47
37
45
49
45
36
36
30
30
38
39
32
400
40
39
34
102
48
36
50
41
896
41
37
38
32
954
31
79
34
45
49
31
41
35
37
44
32
35
46
33
918
44
40
48
39
43
37
939
43
203
39
899
39
46
31
46
40
34
33
33
43
42
50
35
42
48
45
39
33
50
44
33
36
30
506
39
40
42
49
37
38
48
881
40
36
38
35
44
35
819
37
30
947
44
48
46
43
38
53
41
29
40
40
32
44
411
31
39
50
55
41
41
173
37
46
45
33
38
35
39
32
241
34
47
50
38
45
35
38
50
47
37
37
47
39
39
80
50
490
39
38
30
46
46
485
795
42
296
34
43
3
36
44
45
280
42
39
34
43
45
48
41
32
293
50
17
34
37
39
33
47
44
36
243
162
726
657
41
43
37
32
39
49
50
148
85
39
48
49
46
527
43
44
45
36
38
757
33
31
32
42
46
32
38
45
43
942
39
700
50
49
33
37
73
41
31
30
30
47
766
41
35
49
38
46
237
31
30
38
34
38
817
38
34
39
50
34
35
35
36
35
48
872
39
30
50
589
45
52
856
50
49
38
32
35
33
33
37
37
35
49
47
43
33
38
50
412
45
47
32
35
30
30
30
47
42
32
40
42
204
44
30
90
46
30
35
37
33
46
46
38
46
41
34
858
32
889
162
32
37
38
47
49
44
49
30
31
39
32
42
31
596
127
43
135
28
38
48
34
47
44
65
34
45
33
44
46
47
44
33
37
37
39
49
42
33
651
129
50
82
46
32
43
32
50
37
39
50
33
39
853
42
492
40
42
30
34
45
40
42
30
45
32
45
32
225
34
46
31
46
36
766
43
203
50
35
32
44
35
38
276
48
40
507
45
35
36
48
35
45
39
36
37
32
48
47
39
47
34
44
37
41
150
37
126
999
164
50
41
49
49
33
32
42
32
37
124
31
45
40
64
44
438
31
47
35
36
32
45
43
524
31
32
50
30
858
33
70
33
32
35
50
35
796
73
528
30
46
36
906
31
44
573
35
41
46
41
47
205
784
44
47
41
591
30
48
38
52
44
40
439
40
43
39
35
537
50
42
45
30
43
39
32
230
37
49
38
41
284
42
48
40
43
42
49
35
836
42
30
33
37
40
46
35
46
32
654
39
50
47
473
831
48
41
43
32
36
36
49
41
471
40
32
968
41
506
285
30
38
36
753
48
44
772
41
171
138
50
45
33
30
39
179
30
47
36
656
37
44
45
245
759
30
49
45
46
31
44
46
260
2
33
30
38
39
34
39
941
30
48
33
49
31
30
34
41
36
40
49
41
39
527
50
32
42
45
41
5
23
774
34
33
30
42
86
48
170
46
38
401
43
881
35
30
40
49
837
45
32
33
37
42
48
40
18
44
46
46
44
696
41
237
42
33
35
41
771
39
31
160
49
583
792
32
34
31
38
40
48
45
49
39
32
50
43
153
35
41
35
32
39
502
45
39
46
34
32
201
50
42
44
33
35
50
47
40
36
809
39
39
49
47
131
30
43
33
39
46
44
49
41
44
37
35
34
30
853
48
44
40
30
271
30
32
35
857
999
33
829
48
15
44
625
32
50
33
48
37
44
39
975
39
46
545
38
37
954
44
43
38
503
37
639
34
42
202
47
39
671
45
33
13
45
19
49
33
46
38
46
285
47
43
40
33
47
45
33
42
43
539
36
35
43
41
50
47
36
32
46
44
31
40
40
33
46
38
32
46
30
650
41
38
50
33
35
34
35
40
955
33
30
31
38
45
30
43
236
50
35
37
44
41
46
30
49
40
271
33
45
48
46
33
35
31
50
39
37
34
841
43
811
